0.99927301195960083 -0.037056518788528794 -0.0089589053161088176 0.053779534151015232 0.037118358625273185 0.99928748255333 0.006837738309846143 0.0081588501911665726 0.0086991391616181701 -0.0071653072162846986 0.99993648965838988 -0.0026007387613174371
0.99923504020659881 -0.03883176371906627 -0.0046290981609285022 0.048541617286824448 0.038877449310641417 0.9991916644944725 0.010225533720240584 -0.0029310265801783236 0.0042282807872007231 -0.010397679127184012 0.99993700297086352 -0.0032038231223401824
0.99812393538517896 -0.061163303816093431 -0.0027676483706547982 0.07920989815269032 0.06120253813062914 0.99797170291256987 0.017513694988607234 -0.0033439257261102112 0.0016908393099949891 -0.017650225270101516 0.99984279294814271 -0.0079805484669253079
0.99636036144492535 -0.085202243635885813 0.002570568176263179 0.10654524354430106 0.085104359497326545 0.99601752827976187 0.026576895116312969 -0.0085354393257179029 -0.0048247420539817478 -0.026261398265988375 0.99964346685467198 -0.010803914632002858
0.99375368862685287 -0.11118070552234581 0.0096154594314270311 0.14307832861965142 0.1107597422048051 0.99316807018885744 0.036735049531278291 -0.0094017377809940284 -0.013633996011775474 -0.035440585165792328 0.99927877945839372 -0.0079036403004514658
0.99016229067656569 -0.13900426656269507 0.016014118755122299 0.20000918427855688 0.13812204974623854 0.98929744733083913 0.047041046741999146 -0.0063404452154258786 -0.022381633006408455 -0.044366367690544084 0.99876458083069497 -0.011372550100591227
0.9857039719965911 -0.16645996466722246 0.026053018119416585 0.24422480079987488 0.16469698783176856 0.98455599236428504 0.059366658140071901 -0.0060411315747528121 -0.035532826925054342 -0.054227097124638218 0.99789620710179538 -0.0132076149796278
0.97997139035087455 -0.19544386805833347 0.038180735092067264 0.29014188844239647 0.19225653496330605 0.9785214188225736 0.074385870092111048 -0.011298790641589321 -0.05189892925366537 -0.065555528705472821 0.99649835614438864 -0.012225649130266827
0.97312180106908186 -0.2246534610859299 0.050643683773781679 0.34182212808536255 0.21957979823456283 0.97143400743674191 0.090003785490726781 -0.017146884908590999 -0.069416658601051215 -0.076464315974869343 0.99465297259454288 -0.01395740580519967
0.96516977909677348 -0.25379675536785001 0.063517749354313549 0.40110613804292677 0.24630886589470652 0.96333001469824153 0.10642943842353426 -0.018779946841352178 -0.088200000566605499 -0.087077492764991049 0.99228940846600489 -0.014553707832685669
0.95610098019803913 -0.28262428154938629 0.077423711762233421 0.45780709615719212 0.27199414620497103 0.95422243241739768 0.12441355995892632 -0.02345958916563667 -0.10904173556293491 -0.097893130249868593 0.98920515311805035 -0.017704654303405436
0.94605176995906037 -0.3108315996585313 0.091486420910687011 0.51901432444855766 0.29644926839240626 0.94431077137783082 0.1428110581482156 -0.027928752694307411 -0.13078180235390516 -0.10798557178403279 0.98551267696541589 -0.017882450569685671
0.93489694443295346 -0.33911704514134111 0.10472503513741366 0.58724523373093573 0.3203476691631173 0.93328603986295178 0.16234081020706542 -0.033788767796428892 -0.15279094918117658 -0.11822350651005951 0.98116162193431788 -0.018669419172282854
0.92327251499563634 -0.36562520744516258 0.11783917317392466 0.65721027138273669 0.34204168703566679 0.92207560584220538 0.18106369442968198 -0.029628494481222008 -0.17485807783293111 -0.12686522293919664 0.97638612639936728 -0.022475435734571361
0.91099029627215522 -0.39089055196381201 0.13153424072612099 0.72284909458764324 0.3615170896497637 0.91033417064755473 0.20148719969912104 -0.03480885109145148 -0.19849955664720143 -0.13600100785235053 0.97061921054242983 -0.025507883691926258
0.89838680273604132 -0.41512198746331813 0.1434394931468238 0.80083831754672663 0.37957435157774516 0.89814530010036475 0.22194218060558019 -0.038361448096377253 -0.22096258573352948 -0.14494397342466622 0.96445154376662312 -0.027393904059814043
0.88594797042772722 -0.43691271718061248 0.15557464851589708 0.87534139279857182 0.39481042538490629 0.88650391260941364 0.24132041135302004 -0.040126601411755898 -0.24335349124756819 -0.15237483550132383 0.9578940378787022 -0.030225692113884747
0.87871969512534809 -0.44776063364699692 0.16541497016550541 0.96146488313145517 0.39870349191060706 0.87902680806138345 0.26143334953235087 -0.041982850347597855 -0.26246375547321549 -0.16377510697739009 0.95094189696187059 -0.030410819324604366
0.87168339560928454 -0.45748728934102068 0.17570838884490503 1.041019451168711 0.4010453488882989 0.8719727507843793 0.28075995089147854 -0.044006911877596519 -0.2816570360458438 -0.17426675523727417 0.94355731784822805 -0.039127114311417549
0.86470834201850055 -0.46666969207826398 0.18573874592877399 1.1252540321580764 0.40268529964885863 0.8651392561057345 0.29896256787685854 -0.043274478513519996 -0.30020664997685226 -0.18372116383366027 0.93601415655388509 -0.040867828161348131
0.85748446925152133 -0.47686238014051119 0.19319072285998343 1.219229057479164 0.4053398202970136 0.85737534824799355 0.31718628958108619 -0.047903617394059579 -0.31689117228793401 -0.1936744242881813 0.9284773569143302 -0.046626319575990977
0.85056304178553421 -0.48611478030401289 0.20058647092593374 1.315596325944242 0.40726304238646244 0.85022617089146302 0.33354500841320256 -0.049739644621773403 -0.33268502559427254 -0.20200960051745576 0.92114754249474939 -0.052619135167160568
0.84366685811520081 -0.49516940180715308 0.20744516391560461 1.4147826135282842 0.40919617823936671 0.84322884919682384 0.34860234594233153 -0.049750085181929964 -0.34754096194883621 -0.20921847766425086 0.91402566067454094 -0.058763926351885119
0.83658181661723841 -0.50471176840646204 0.21306547101166637 1.5219992456452476 0.41164519427921487 0.8357430902189148 0.3634304901603147 -0.054470219374814881 -0.36149564054387839 -0.21633196246361974 0.90692964660132835 -0.06466008913815692
0.82984811176158568 -0.51302626295212062 0.21944512965001547 1.626954747324554 0.41341138731256588 0.82942082910473103 0.37570216007832663 -0.054592521960494009 -0.37475743654533433 -0.22105461263814966 0.90038420798310737 -0.070539437997783228
0.8233342834423788 -0.52136697329117421 0.22427023179553832 1.7454610083209277 0.41620433672690643 0.82328912090733264 0.38596498997363371 -0.051559881141820689 -0.38586864059954434 -0.2244359653817351 0.8948373537381128 -0.075684870329470716
0.81735969977120726 -0.5280428708647682 0.23042102273624157 1.8549808025236167 0.41754501786797799 0.81850686133155803 0.39459178400822215 -0.050831161010547195 -0.39696256655200085 -0.22631227205358387 0.88949619238892363 -0.085882502138078631
0.81093492774306442 -0.534870945679223 0.23727118332103542 1.9701049369168464 0.41907591631951419 0.81389467473160249 0.40243115536014151 -0.053276842259018631 -0.40836248521051788 -0.22691084132705605 0.88416715091714271 -0.088314683713856035
0.80514444877697722 -0.54122167826774104 0.24253146512703708 2.0928200996672448 0.42157752457215381 0.80990945511782297 0.4078223452514172 -0.054322404824067326 -0.4171508209020241 -0.22611008266727256 0.88026099716900252 -0.096289831977530507
0.79983471735860601 -0.54670636229128011 0.24774296829196651 2.2171725954604455 0.42393994487043496 0.80675192596988499 0.4116142041853435 -0.059108552433493201 -0.42489922105262951 -0.22419519034563765 0.87703886377671547 -0.1054974462946426
0.79476690889755763 -0.55128225380782525 0.25383742269016529 2.3404602933777792 0.42622981067558047 0.80473639798572028 0.41319181774138153 -0.066056412075582688 -0.43205752974908346 -0.22019810715247445 0.87455079017378257 -0.11598983633583444
0.79045209096707991 -0.5549075928155347 0.25935122001147382 2.4735572467128324 0.42904616361395653 0.80378481474594377 0.41212784554307286 -0.066893527364596542 -0.43715544303361592 -0.2144936712807578 0.87343436136127905 -0.12416239079061585
0.78763062084174396 -0.55594416831685067 0.26563901601032508 2.608399021580174 0.43083082690103547 0.80513632188152584 0.4076031179699901 -0.065200159533895088 -0.44048019672196237 -0.20659521993882807 0.87366790681254203 -0.13303468505990423
0.78487913241101892 -0.55692694353579231 0.27165626639119933 2.7466333652129875 0.43298035973238702 0.80654008764689111 0.40251844070124027 -0.073025553618686914 -0.44327503380152 -0.19830649657140695 0.87417491260378555 -0.14140918097408484
0.78320535600523988 -0.55584874477837554 0.27860643074597125 2.8855519164393768 0.43525505061704511 0.81013302761431449 0.39273084737618696 -0.070600083777862296 -0.44400721980285279 -0.18632404701693409 0.87643649984820493 -0.14962998601224131
0.78178110938719869 -0.55461935018616693 0.28498363708184138 3.0294294505750825 0.43831614196640944 0.81385510425920371 0.3814693027792968 -0.075710018755390199 -0.44350564449283292 -0.1733125663946917 0.87935516012171244 -0.15845499718067427
0.78159757695918486 -0.55151506219159896 0.2914384392411673 3.1778239854519676 0.44133053434501568 0.8191010338795589 0.36647081159647749 -0.079203580603795662 -0.44083169934372213 -0.15781201625109098 0.88360782046136932 -0.16951444391659162
0.78512890915220612 -0.54305919522030255 0.2977571266991676 3.3298054012324632 0.44024354637855778 0.8275200249707968 0.34841961503962804 -0.083387285364789843 -0.43561246066371584 -0.14246865886576365 0.8887882005041996 -0.18067604967737544
0.78912049566206266 -0.53416929864899521 0.30323588789406358 3.4863851302710249 0.43990343516674796 0.83602673856264942 0.32793941534496002 -0.087833046793987318 -0.42868847786540204 -0.12538920523370448 0.89470874375760101 -0.19439972200223907
0.79385641935789264 -0.52383227996300141 0.30885551300410619 3.6469634151727428 0.43944085334433586 0.84524283469118777 0.30406625398950005 -0.091766670783206383 -0.42033762840872074 -0.10566121744504493 0.90119475435211183 -0.20779928618974444
0.79943976453901378 -0.51168406608198003 0.31476257622471288 3.806329689031589 0.438281746285624 0.8551128146572724 0.27693173361271062 -0.091215491694114179 -0.41085906798637201 -0.083435548339597251 0.907872973232842 -0.22153466696396829
0.80466947121437349 -0.50013992795158446 0.31994858112541225 3.9736073965418939 0.43783193267111936 0.86383341046544193 0.24918875917086603 -0.097172161119105885 -0.40101152206520568 -0.0604308814450649 0.9140776048775725 -0.23409237176734846
0.81098601369970791 -0.48721429196204752 0.32391961856512791 4.149115822337631 0.43687018115245851 0.87254814843439255 0.21864165541710368 -0.098928715639610434 -0.38916080275803122 -0.035804502114039335 0.92047374064939547 -0.24796811928013957
0.81750946737366614 -0.4733035865904392 0.32811885906642341 4.3255605055356154 0.43498448277388241 0.88084253057592166 0.18682862755623028 -0.09776744429234123 -0.37744770564988572 -0.010007559604282214 0.92597682381925961 -0.25978515004110958
0.82422010475132912 -0.45796755640677467 0.3330569563941212 4.5028131950509298 0.43159212002841091 0.88881122209174501 0.15408716174023238 -0.099710517272433394 -0.36659168137464554 0.016743021309979473 0.93023126715044568 -0.27584034467927326
0.83055775446742075 -0.44666634806504002 0.33266047255463949 4.7058505940391973 0.43141937050717127 0.89374050036222197 0.12290339606162698 -0.10299525436389544 -0.35220894827535493 0.04143780301277581 0.93500361776639285 -0.2889555068950953
0.83725246386652097 -0.43267137220050617 0.33437074547210466 4.9031894510549474 0.42848062258670694 0.89901588706943969 0.09041455007053105 -0.10457657845537541 -0.33972439979658214 0.067571580378733717 0.93809456543995207 -0.30275688067428486
0.84430222128517496 -0.41784644610998256 0.33549680565718804 5.1037956564857909 0.42453042201072405 0.90361452118399899 0.057050134906136911 -0.10458328194480104 -0.32699798152330567 0.094261044863025681 0.94031227552394248 -0.31874348251703671
0.85125324779174771 -0.40293484929283907 0.33617170515877504 5.3110336607141377 0.41952454243040388 0.90739192907688837 0.025279346207595362 -0.10723027528721933 -0.31522542159946682 0.11951315522351623 0.94146138492556253 -0.33324011849064206
0.85731387096327294 -0.38986951563300176 0.33617657181019728 5.5226062516198748 0.41592716218456 0.90937765425462913 -0.0060727011656225823 -0.11062705790839711 -0.30334390122609489 0.14503117844945246 0.94177939819604062 -0.34935777454851602
0.86297811599984808 -0.37781911118167455 0.33544223128765716 5.7420894164862712 0.41223617540052532 0.91039943630984033 -0.035131212018265995 -0.11505062533641509 -0.29211317497932204 0.1685988896541567 0.94140549574074917 -0.36900395673025016
0.86846102687623705 -0.36540541177648017 0.33504377302306754 5.9627180028131086 0.40769965796502661 0.91091754630917809 -0.063326240384747601 -0.11784118016947615 -0.28205750068429686 0.19159360341756604 0.94007204906709174 -0.38802571249739792
0.87259675749087517 -0.35699089266650585 0.3333652671913826 6.194569027761732 0.40545004583555155 0.90998641588503948 -0.086804281211520951 -0.12519342453559698 -0.2723695268350696 0.21090809718422626 0.93879316965653803 -0.4001898101842527
0.87706399836916304 -0.34881407189085673 0.33028394755969748 6.4377739806379299 0.40242055112034775 0.90898592619308716 -0.10863832665726655 -0.13232595624291493 -0.26232888289453049 0.22819581335733485 0.93760878193705732 -0.4189541933825468
0.88156376072275766 -0.33985488770236333 0.32763392847072798 6.6845110481262973 0.39813519783745516 0.90818216704049515 -0.12920338893605107 -0.12936261825454973 -0.25364088791690997 0.24434362437854623 0.93592867954896941 -0.4301952494303547
0.88449511427604255 -0.33475146672421341 0.32497668892983372 6.9396322404156683 0.3959976919576193 0.90696100162937332 -0.14355336808198529 -0.1379061033105384 -0.24668648277935393 0.25566227146262976 0.93476338298230333 -0.44674541303859161
0.88696764787721449 -0.33082208467318791 0.32225012011114529 7.1978459811783386 0.39381937554958701 0.90626627099508683 -0.15358302477289903 -0.1524323458393356 -0.24123575825506227 0.26313151530963685 0.93411300953897414 -0.46945627127533379
0.88893978769339499 -0.32949316420483027 0.31815139257578345 7.4715705934080878 0.39319587142524204 0.90522742460240857 -0.16112205448614186 -0.15930872280139924 -0.23491075017922441 0.26832361895662404 0.9342480264684826 -0.48952741289987739
0.8904795306945632 -0.32759845587812775 0.31579337725838502 7.7414609809091139 0.39153462884020657 0.90525639888517762 -0.16495904551252069 -0.17121099367038797 -0.23183364689568239 0.27053669618686971 0.93437843306839097 -0.50162834398268263
0.89029835318752781 -0.32978554545252264 0.31402282770868473 8.0260036664893946 0.39295094144874715 0.9048536850202582 -0.16379672255513131 -0.17753580391731494 -0.23012692134150553 0.26922351813287315 0.93517928621095914 -0.50510282168685749
0.88990418413050265 -0.33338354130687015 0.31132933920964612 8.3137694377618221 0.3948579953878677 0.90473077289387271 -0.15984177194066196 -0.19015406298843215 -0.22838061770933876 0.26517474043457895 0.93676285712562002 -0.52715935080410459
0.88876837591761049 -0.33776976566650102 0.30984247509076285 8.6027047831825616 0.39679672996117638 0.90536366783017641 -0.15122494524782359 -0.21292859572714862 -0.22944090537846631 0.2573484299052296 0.9386845351684574 -0.54364987129146503
0.88727363589128794 -0.34294460789878189 0.30843879614180364 8.8995406077620327 0.39935558011721056 0.90577949955588322 -0.14169904309324075 -0.22782242455776028 -0.23078261563969787 0.24890257953151995 0.9406311127222271 -0.55422632358560486
0.88541187774294405 -0.34942057179127567 0.30651438915778845 9.1939088512709652 0.40183558890389431 0.90686968195639051 -0.1269469946023763 -0.25237147823482498 -0.2336107151694346 0.23556876693945061 0.9433628092100369 -0.56133055897779649
0.8832134304888144 -0.3574669338084468 0.30356453586966997 9.4895615277723024 0.4054018049734508 0.90737241839491367 -0.11101653417592394 -0.27649158092203274 -0.23576134697708379 0.22111690475798845 0.94632124656577277 -0.56707927046235951
0.88084235486584972 -0.36491233362322473 0.30158868454243581 9.7702336958583391 0.40823207340450451 0.90806908791458574 -0.093579409155174667 -0.29595253813155614 -0.23971508112391202 0.20554688113329442 0.94883463234545362 -0.57864889364259775
0.87768652163377314 -0.37308275038661393 0.30079167393125772 10.038954747981208 0.41179156371451836 0.90817552824223302 -0.075132669029477031 -0.31333036908745504 -0.24514093455798106 0.1898064047020033 0.95072574959245704 -0.57582736939413426
0.8738264735583382 -0.3843756130266644 0.29779637710854479 10.32183804942067 0.41675493998795349 0.90756060003778938 -0.051469187429808355 -0.34269057629735039 -0.25048475822739402 0.1690832498192042 0.95324091421127144 -0.5717804150671113
0.87006991293205349 -0.39488984453648429 0.29502602816083934 10.591943114868563 0.42096871431742139 0.90664426983127 -0.027955492270046529 -0.37113066084807189 -0.25644431788664429 0.14851996049041602 0.95508017106396836 -0.57288706802686229
0.86576023807561797 -0.4055868012272375 0.29318689745196097 10.846587350681423 0.42474851648837775 0.90530944641073474 -0.0018718922007844249 -0.40551423911298118 -0.26466565305715728 0.1261513095839536 0.95605331398519944 -0.55100071359435465
0.8608684268839103 -0.41572329678654601 0.29339340841836714 11.080308429174444 0.42845349308577735 0.90327766514428687 0.022739039427409125 -0.42393749684729526 -0.27446886136138865 0.10613010958446659 0.9557213212974649 -0.52828469340710615
0.85620899845787724 -0.42598461670606169 0.29230678625298578 11.31333695896433 0.43096146231634436 0.90094924045998437 0.050622960331607215 -0.44403561828222987 -0.28491817940931252 0.082629125884079599 0.95498380017553997 -0.47878768379170522
0.85078753153153464 -0.43746940959385267 0.29117192835176253 11.536526872078163 0.43490339220413438 0.89716384942526028 0.077175557878034665 -0.4243322470505248 -0.29499087382462347 0.060971656973178481 0.95355274704975301 -0.42081089949046008
0.84556407271865708 -0.44817734728163588 0.29010078302381981 11.742408205508218 0.43710292058846179 0.89316496977389725 0.10581764305554324 -0.37936353078963042 -0.30653292766108242 0.037328302297176964 0.9511278368900451 -0.33652030741472544
0.84002048510104976 -0.45938053378031091 0.28867821149909051 11.935033852735721 0.43987994343519676 0.88811238310578211 0.13327426734976497 -0.29727937395581294 -0.31760229843948717 0.015030640634557084 0.9481048780952821 -0.26252452615641431
0.83486663774341208 -0.47029881713996036 0.28603622109754617 12.12348616008731 0.44199359941469407 0.88247193146568714 0.16088799909148782 -0.19113143746521674 -0.32808437216583963 -0.0078938439288939542 0.94461544131385711 -0.19171040346056803
0.82792408433724207 -0.48256371975009721 0.28578657588362871 12.276077598539372 0.44590379363814958 0.87544671598064139 0.18644799354730693 -0.052715873530580611 -0.3401639566348057 -0.026931465976803143 0.93998041402302335 -0.1128230289244191
0.82267739251730676 -0.49195453793632365 0.28492567529933766 12.428966396722355 0.44613063374915918 0.86929906108283939 0.21280648493659074 0.070828680765202268 -0.35237673798294189 -0.047957012045707348 0.93462867467468003 -0.056899171614512939
0.81725805121133832 -0.50151144033563122 0.28385833252297982 12.585569555049862 0.4466235710292733 0.86249852253770087 0.23795731638540332 0.19649860802326535 -0.36416570888993061 -0.06769471052278643 0.92887069209655371 -0.01544337690022623
0.81339559808463757 -0.50925646234390909 0.28115023844468212 12.740277005344169 0.44455278608159121 0.85590560233686486 0.26419390658276637 0.29836450925577068 -0.3751805184223056 -0.089908038847119023 0.92258122848182589 0.021765719855479211
0.80818849273991378 -0.5189792989883476 0.27837357529828494 12.895493345961839 0.44479577686431415 0.84770712013370086 0.28904905355025562 0.41000744533380529 -0.38598973702218803 -0.10978672823338242 0.91594694017576783 0.057481606411132258
0.80261849919756234 -0.52794039344419674 0.27763732767018123 13.033001146678613 0.44428083706659549 0.83968187347751322 0.31232817543202612 0.51652553343646779 -0.39801769126668002 -0.12733142708412507 0.90849800501457456 0.092079962484219402
0.79778993413338894 -0.53509045742470285 0.27786583699415984 13.157589474613072 0.4429525594591765 0.83281358470536659 0.33198578764573944 0.62852941127238693 -0.40905287074412233 -0.14177353597628645 0.90142998254593965 0.12608242059368885
0.79385258878985088 -0.54200491177811749 0.27573310080591878 13.296150241569892 0.44136257779417959 0.82545712649937697 0.35188010349303367 0.71972661436711616 -0.41832659752223328 -0.15764265894670293 0.89451196184605886 0.15347059008321909
0.79124211142171419 -0.54676790871478309 0.27382617682130123 13.426941020875185 0.43775569714721774 0.81912635323511407 0.37067771318342885 0.79872651589990584 -0.42697291568442758 -0.17342684750466292 0.88747803231208688 0.18533307224810219
0.78925283175495786 -0.55063158718151384 0.27181762776675689 13.552366911393854 0.43413200493649362 0.81339915602656132 0.38718369705489641 0.8720633931780315 -0.4342918026587661 -0.18758109759046718 0.8810243821655307 0.21616120498297131
0.7879470996622705 -0.55427995604332447 0.2681661769545638 13.686303047578974 0.43110553951501634 0.80756652734370915 0.40247275400142152 0.93298717934286368 -0.43964460867077937 -0.20151931481283009 0.87527286249722425 0.24433332055183388
0.78819578650517008 -0.55568125033021942 0.26451039708665586 13.812154488669213 0.42737006783833953 0.80348068924459226 0.41445579634852225 0.9891641766362409 -0.4428343112851007 -0.21362848602768 0.87078162745097698 0.27666221848316802
0.78909485648027733 -0.55615094305127966 0.26081686298922996 13.932941738511877 0.42411887978017704 0.80042193900661884 0.4236129074649308 1.0423779128272628 -0.44435625717477883 -0.22365341066046046 0.86748295003969123 0.30462174262410568
0.79209057339814926 -0.55311182672418502 0.25818565156031875 14.045772504463002 0.42124605225825673 0.80143299499685816 0.42456674149914281 1.0919314550549384 -0.44175138595212726 -0.22753562725032989 0.86780369401217328 0.33150874984706508
0.79480575195493208 -0.55077295322102193 0.25481948642038549 14.158385105827513 0.42005089150521563 0.80234455287017103 0.424028851642478 1.1213465098359343 -0.43799664976461705 -0.22998341783650206 0.86906073568837094 0.36142416716402509
0.79832805251510697 -0.54835539300443481 0.24895518377890566 14.27071569999079 0.41939515530103721 0.80290426489331213 0.42361827761104531 1.1416595067153952 -0.43218054592664823 -0.23377575661107738 0.87095859335760772 0.38796948638194806
0.8033562453628228 -0.54413707469198269 0.24193715502625887 14.378013821468723 0.41836438657334701 0.80483723507163851 0.42096112063864882 1.1642204907023233 -0.42378058365580556 -0.23696385586812965 0.87421859276067404 0.40361800247412982
0.8096692364446062 -0.53813556414067143 0.23419189175163574 14.468455103430331 0.41498347727122276 0.80712498066055116 0.41992615920610299 1.1740135368816982 -0.41499932668269857 -0.24281552709970203 0.87682163445720285 0.42431094246502371
0.81888874591144389 -0.52997304431652781 0.22034017817332971 14.598972763162996 0.41090910027873928 0.8093719422127883 0.41960787703142077 1.1823322604242019 -0.40071802196519701 -0.25307238382836345 0.88055632154662844 0.45027174121073471
0.8275646519563018 -0.52181814419199557 0.20698447097419462 14.686558719882699 0.40707644951922756 0.81171829569842302 0.41881042570030119 1.183338331409495 -0.38655596112240365 -0.26233420063054957 0.88416924629861737 0.46416988418330402
0.83725505307340176 -0.51237585841064348 0.19098417688649383 14.773540361877739 0.40302985674034753 0.81428565129510577 0.41773892884283625 1.183457097426825 -0.36955501712046929 -0.27278170358889797 0.88826754500444749 0.4856421546210975
0.8496008749423809 -0.49632498486490201 0.17843727944573534 14.824387604882411 0.39683095560814213 0.82439326699242876 0.40360987848252511 1.1798328920771308 -0.34742415858467501 -0.27209786977557321 0.89736235896951111 0.49589030252962674
0.86404588351257805 -0.47695070478416213 0.16106749017371341 14.899167955305895 0.38934519697714953 0.83595324726421183 0.38677187847521199 1.188567668066391 -0.31911601146885887 -0.27147779576663444 0.90800042821019444 0.50562586013080579
0.8780120061007709 -0.45772636615382678 0.13993388035251833 14.978640197634984 0.38286320029855109 0.84709060867447117 0.36858278656587523 1.1896384985042219 -0.28724673540364493 -0.27004457858495662 0.91900230607807598 0.51061798993662411
0.8913839944468479 -0.43740973928534194 0.11877413195772409 15.04477446596454 0.37538748288977086 0.85931436959993823 0.34736587611442576 1.1907741888574905 -0.25400553563586697 -0.26505005975737828 0.93017721628136341 0.5173677140774362
0.90369797728309598 -0.41714696177772431 0.096531746767863164 15.104831669245767 0.36766101794553552 0.87155530032955553 0.32437129088547706 1.187682237835668 -0.21944325402639681 -0.25764271918117909 0.94099143859826595 0.5151205596127324
0.91539368362005591 -0.39590769781861884 0.072880030162359208 15.16463266035881 0.35845169029419205 0.88402106925094937 0.30003188971448541 1.189778984527331 -0.18321241692020193 -0.2485233267288397 0.95114108646293283 0.5146684900562245
0.92573135285006347 -0.37521714494875003 0.04726051720939628 15.227873547053916 0.349054319859462 0.89582719670928834 0.27505402273630958 1.1829212293148721 -0.1455422417645113 -0.23812964488380381 0.96026648805926462 0.50569889212860442
0.93431502857833848 -0.35585779702041281 0.020509892063032411 15.259057977792757 0.33994327746242042 0.90688235483668267 0.24900394092058231 1.1700818320234123 -0.10721005307696847 -0.225675924249025 0.96828527910610196 0.46615481295612832
0.94105826450790375 -0.33816866649330984 -0.0071621088729968453 15.202456028995844 0.33128797231774931 0.91722497807172543 0.22123882796407363 1.1588595586584138 -0.068246774275171646 -0.21057134801168789 0.9751933578514439 0.42426293341556093
0.94607304401889547 -0.32165392674153459 -0.03852981692887425 15.15746652548304 0.32284524729700187 0.92631539038856614 0.19419254318077192 1.1442434429623312 -0.026772031647950164 -0.19615949872751431 0.9802064626293846 0.39640919105090899
0.9490355951790107 -0.30771659619086494 -0.068131751129184515 15.100263647881036 0.31490911548996986 0.93460693209170043 0.16535456288673908 1.1373756568990159 0.01279406364474674 -0.17838267548965586 0.98387800718412555 0.37240641145960557
0.95033496532985162 -0.29560590062294911 -0.09736839933163409 15.042885947376741 0.30703444236273691 0.94165517362869144 0.13789628414617339 1.1199276021274605 0.050924501710989965 -0.16094311260570954 0.98564902963999979 0.35209011371539162
0.95155105158055064 -0.28105240474897814 -0.12474029830317289 14.971376677299908 0.29500372159751276 0.94884855347636687 0.11251322948624017 1.1040972132577811 0.086737537891994607 -0.14386093406697559 0.9857893442160004 0.33573229654220021
0.95174448084033081 -0.26552868527763884 -0.15387319612166872 14.910721701441318 0.28105087833761266 0.95550929204457669 0.089511991387346293 1.0854404003279274 0.12325926730118654 -0.12843874069454483 0.98402776531618952 0.32735296783410661
0.95112535738614534 -0.25062586697152006 -0.18040850684446982 14.834227710139498 0.2659084981609402 0.96174914009482182 0.065812325081735262 1.0724495668818022 0.15701345529243813 -0.1105679263242493 0.98138754247518589 0.32046635746953078
0.94967216334150473 -0.23771735449128945 -0.20399323897602312 14.76029008239435 0.25172579933338629 0.96673643696403966 0.04532971868477715 1.0523423823916127 0.18643203620685478 -0.094398733146879993 0.97792227454743563 0.30330050269827713
0.94735312803975913 -0.22553522328977654 -0.22727937400678075 14.687447239322049 0.23739367959791893 0.97106830781016262 0.025895606841079992 1.03289663641699 0.21486342564579042 -0.078486971035566178 0.97348523547993149 0.29643744374274095
0.94412947024358473 -0.21737465251134425 -0.24772525883151311 14.618175751342564 0.22567507232674675 0.97418843763750584 0.0052582985568614049 1.0324285630613828 0.24018806204281967 -0.060869930334835912 0.96881605397162285 0.27664825456755071
0.94177698621620287 -0.20871801528379486 -0.26361505709939914 14.532928803887748 0.21247743605096003 0.97705833514560947 -0.014503409657740876 1.0410555767088068 0.26059441168746517 -0.042353273999581581 0.96451892297599884 0.25500123022255161
0.93758549270512603 -0.20424606372553444 -0.28145512843348791 14.477623117294055 0.20440973808295423 0.97845245419686389 -0.029111060664158611 1.0334950507873781 0.28133628071356942 -0.030238060929219563 0.9591327107473171 0.24101063160537112
0.93492800991724856 -0.19865037712376743 -0.29401980195347044 14.405351652443441 0.1960190414027416 0.97983579712284941 -0.038708475611688262 1.0085392204033086 0.29578058029512916 -0.021443841661777173 0.9550151883478406 0.22258185061708458
0.93136822102982286 -0.19742839031713694 -0.30590074787833876 14.351997576479103 0.19186205448001001 0.98022381622945121 -0.048479089794267932 0.99814965633366481 0.30942234713487077 -0.013538862336077264 0.95082832851161547 0.21062492380586451
0.92888766216630492 -0.19704316551502241 -0.31359480544013457 14.282570033131627 0.18892890298176132 0.98037072187772867 -0.05638366166762853 0.99033113652711713 0.31854918096476825 -0.00687303490176414 0.94788141700210293 0.19856020674909686
0.92723156023124087 -0.19761220685578873 -0.31810540613564453 14.218321724461703 0.18784261077926592 0.98027629046564457 -0.061429210694461327 0.97272029600225174 0.32397034939445873 -0.0027946471155191801 0.9460631071237966 0.17687877176882377
0.92598705538994808 -0.19961479194536025 -0.32047138419344684 14.147237620470028 0.1883886971953399 0.9798741659114768 -0.066002407140425032 0.96339554214955947 0.32719668705427918 0.00074418808001998306 0.94495596414055505 0.15919644677898465
0.92482410876245935 -0.20252911141665564 -0.32199740197787702 14.083515336236545 0.19071082031798386 0.97927483995385811 -0.068192161184313385 0.94983389965317444 0.32913485209768412 0.0016573660204080983 0.94428147407036966 0.14322112592973918
0.92385430393878576 -0.20746223600196681 -0.32164055361046395 14.01883455385979 0.19454579481164375 0.9782344090354862 -0.072175998088694779 0.954341638442322 0.32961365083213323 0.0041062893295134373 0.94410697464485183 0.1286912779231687
0.92430347796735901 -0.20813055685345697 -0.31991366323011816 13.94506390309167 0.19557329366604737 0.97809543618090733 -0.071276956491526072 0.9328401450479773 0.3277410066226954 0.0033149699773608182 0.94476179196239274 0.11370676194253736
0.9245809507604138 -0.20919013782301313 -0.31841726041243068 13.875748077225756 0.19709166517140644 0.97787274352490616 -0.070141093454803849 0.91615825713508747 0.32604438503205546 0.002093730799814239 0.94535214353192587 0.10157951916631094
0.92536386515953628 -0.21093663286377687 -0.31497214793231409 13.801651073388971 0.19941319651447942 0.97749938707903528 -0.06877009027177626 0.90327600090200277 0.32239121283447081 0.00082775370904685658 0.94660615923990077 0.087064052187340757
0.92577995380706191 -0.21224728727380543 -0.3128618963279241 13.737415476136331 0.20150491457360287 0.97721510957721169 -0.0666813243471015 0.88832730041990027 0.31988630250712374 -0.0013109763190404095 0.94745503049454116 0.0765571645877417
0.9269580782525727 -0.21278452309022466 -0.30898457549781128 13.671210014623036 0.20291608517094406 0.97709374217890865 -0.064131750122033593 0.8731403673604381 0.31555313901337639 -0.0032504965901274385 0.94890233993321049 0.056568900495634643
0.92779937226377462 -0.21342376187508202 -0.30600428541775959 13.606913256843201 0.20405326266619492 0.97695036468381813 -0.062691713483008518 0.86347031663296359 0.31233089956362997 -0.0042758404136556535 0.94996375002761602 0.041532395109681333
0.92896733867315784 -0.21202082607366446 -0.30342520163880765 13.537753377635598 0.2031932357467352 0.97725128719048393 -0.060765373621120895 0.8537009611209555 0.30940619357938193 -0.0052049011118021262 0.95091572517186529 0.028587460275782448
0.9306384321106842 -0.20748909648485481 -0.30143056168621274 13.467628845437389 0.19951792182092912 0.97821396952997186 -0.057358771680304774 0.83697522769155452 0.30676490599614681 -0.0067605218965949825 0.95176130820330196 0.014522239479949642
0.93166069523118744 -0.20449011196939057 -0.30032006770791464 13.399063820343692 0.19649441803161774 0.97885044926973286 -0.056936294635833613 0.83603547664336864 0.30561134246581273 -0.005965909083174268 0.95213765563864505 0.00227901534497743
0.93253057842406761 -0.19879370182848879 -0.30144283772781805 13.336691232151768 0.19066307753937825 0.98002956649963269 -0.056476894831031986 0.83093507413604506 0.30665014457405193 -0.0048075877390117072 0.95181015750665576 -0.011451685910473181
0.93346499120072357 -0.19051600116998979 -0.30388610284254397 13.276274072024986 0.18223337445085638 0.98167815574542217 -0.055668624632916511 0.82263314738478666 0.30892411275082887 -0.003413477766594961 0.95108056479493375 -0.026943832631157228
0.93416655969252227 -0.17869718704711957 -0.30886915367787066 13.218504596564612 0.16969195797385625 0.98390411502661412 -0.056011890101072367 0.81505595961273558 0.31390679851069875 -8.8176767731364719e-05 0.94945379775617378 -0.042136163530241869
0.93522442974566544 -0.16511713252096175 -0.31319578310531143 13.145187093959585 0.15473124758330278 0.98625746515017187 -0.057917643744135473 0.81426031074490424 0.31845487439856973 0.0057048210851073974 0.94792085533982129 -0.05925400546123865
0.93540440184445051 -0.14926556508446334 -0.32052830778270019 13.075733665381149 0.13683797743702231 0.98870791059812635 -0.061090387555101648 0.81800928512351578 0.32602756469502786 0.013283772081129448 0.94526692973906912 -0.075143804124023897
0.9350654053178904 -0.13366736480342661 -0.32830736111789643 13.004647304338775 0.11829168836959338 0.99075201859267148 -0.066464382320293183 0.83485533912044063 0.33415529958443019 0.023312512542726389 0.94222967609738606 -0.095359932708233883
0.93357076464838717 -0.11356495726798659 -0.33992444436160457 12.932838302344756 0.095018553552083052 0.99295630840660476 -0.07077601342543885 0.84644497434452826 0.34556779635072365 0.033775287952116255 0.9377857580754021 -0.10444533404446542
0.93139182458436454 -0.0935826352633332 -0.35178339852042206 12.866033768106673 0.070717470056017959 0.9944947626101025 -0.077325329420263753 0.86718986367304063 0.35708305550149588 0.047142947704254326 0.93288221869401577 -0.12264518461581279
0.92767202116863368 -0.07082540802635319 -0.36661748828827345 12.804313526011464 0.043320237646957624 0.99563030162604282 -0.082726413522202183 0.88396974747903478 0.37087461243810282 0.060861022517994801 0.92668654775331194 -0.1355498693577212
0.92395840936171381 -0.046400373752215694 -0.37966809595411938 12.732351019901966 0.014243947320620997 0.99610015096843629 -0.087072379118670648 0.89727158852832534 0.38222763863239811 0.075043284551736103 0.92101603553314326 -0.16054866286222041
0.91852308306410479 -0.022093816386295276 -0.39474955244547166 12.665874521074485 -0.015455870469338256 0.99566762549916221 -0.091690215404342648 0.91603635387301197 0.39506513633380325 0.090320777290435153 0.91420221791636735 -0.17834392176371996
0.91252406884694337 -0.00034006159439292237 -0.40902286993899428 12.599092083647122 -0.044108341655706873 0.99408629071685151 -0.0992315514601807 0.95214606595269446 0.40663777243561972 0.10859249958870584 0.90711266723691741 -0.19804481827083534
0.90514695355308961 0.022127395515869636 -0.42452252100594773 12.532931818611569 -0.072766907491422478 0.99196973751864825 -0.10344572016917042 0.97902050386523065 0.41882450936841781 0.12452476948329527 0.89948852807439228 -0.21240463673931145
0.89714171856986391 0.044181815624356698 -0.43952781933530272 12.466025184101845 -0.10069137064765693 0.98924567379555872 -0.10608602525246601 1.0041621935406779 0.43011392058221887 0.1394308575778907 0.89194229144966941 -0.2250352806949095
0.88815410087866464 0.066012164076363594 -0.45477982286636914 12.403685101335283 -0.12939916518535619 0.98551039974111854 -0.10965905366832925 1.0292212814375168 0.44095141358401813 0.15624226763605256 0.88382702191220675 -0.24385796877976074
0.87889363068509174 0.085219232828861749 -0.46934386999005107 12.345530314487558 -0.15491439934078174 0.98157383772430074 -0.11186746610195702 1.0510961766054967 0.45116240403879238 0.17102772714167719 0.87590068028897528 -0.26272815444400616
0.87026181551224202 0.10510780056803748 -0.48124497163200181 12.277230539911461 -0.18029627691234215 0.97714336788976963 -0.11262367033881397 1.0694438190686688 0.45840770607929854 0.18477875648674416 0.86932110647235994 -0.28847719893663543
0.86154506211661297 0.12202921027508641 -0.49279709595544541 12.201763244376959 -0.20195718565867091 0.97295217205836504 -0.11214885664926982 1.086600983023456 0.46578256848374106 0.19614520826813003 0.86288681538782441 -0.31037781987286961
0.85416691816621326 0.13855672860009988 -0.50119947014145172 12.118176449026071 -0.22166368790142904 0.96890869773929145 -0.1099142616364582 1.0986109087848048 0.47038716540353392 0.20498284905032471 0.85832275177746531 -0.33923964200765916
0.84831636235956986 0.15155920912034812 -0.5073353481513404 12.030991045630575 -0.23760335994631473 0.96523319446403844 -0.10894734345990076 1.1155422163833053 0.47318494555009788 0.21296639743293352 0.85483408967424135 -0.3714099098235476
0.84384029556431595 0.16349578575359588 -0.51107991901731209 11.937047131058696 -0.25078001163040053 0.96219532431703381 -0.10625226411278921 1.1285527395740578 0.47438691102156705 0.21782856998853956 0.8529406619150971 -0.40819063106158904
0.84094746725494574 0.17104546795780379 -0.5133719949593939 11.844170568833613 -0.25839251115103384 0.96050681318117925 -0.10324714046208551 1.1415563499947403 0.47543734339926952 0.21947690020508012 0.85193263981245293 -0.4446730050976796
0.8403874993973337 0.17793350685842393 -0.51194581548613105 11.740729461996606 -0.26328286013524144 0.95966151535625455 -0.098650451104613207 1.1537067628799798 0.47374147635150488 0.21769116445368211 0.85333438375767834 -0.48556032970706692
0.8422875068299609 0.18094645395842232 -0.50775007300643615 11.634933363317643 -0.26339522693182604 0.96001712846314857 -0.094815966413372352 1.1741731113119327 0.47029215416345249 0.21360124966217423 0.85627086595017177 -0.52848386209957154
0.84695474713853824 0.18038413532439238 -0.50012920332926569 11.525249440168537 -0.25733140315486552 0.9622411603580211 -0.088727099936809758 1.1948678571221298 0.46523994373854316 0.20384678814276155 0.86139322130722473 -0.57212457323557819
0.85413202324458515 0.17644358774298935 -0.48920971700539001 11.41141191884914 -0.24625016566509206 0.96576378558760956 -0.081615968764722116 1.2225096459572609 0.45806041389540147 0.19017878638762906 0.86833903887254904 -0.61658016379269787
0.86341892183703162 0.17164679084209264 -0.47438923323299487 11.290449451720383 -0.23239972168445286 0.96994961432256521 -0.072028570973575318 1.2514708621891988 0.44777018075656494 0.17243875686491553 0.87736351665436585 -0.66676836270558282
0.87397407280145645 0.16248840657876795 -0.45800309802263089 11.168042224606896 -0.21440195294176026 0.97469018655748363 -0.063331215078321609 1.291326114300958 0.43612053683080992 0.15354659864689429 0.88669178376613822 -0.71524085182769126
0.88569595427437742 0.15144307694785547 -0.43887090473915691 11.042512545668904 -0.19306047204780491 0.97983414476031583 -0.051504396846275939 1.3270477556838574 0.42222071327053451 0.13034585995107742 0.89707280979803161 -0.76696377914884883
0.89790412170679856 0.13803020078803699 -0.41799025334612422 10.907578355024111 -0.16983245367634858 0.98467448521509049 -0.039662272308412579 1.3696865861896819 0.40610974612808037 0.10660122812055191 0.90758528649542158 -0.815394246908696
0.91049303653145719 0.12144499297429494 -0.39528919047856609 10.769004494741576 -0.14386472365201289 0.98921645506562261 -0.027454440732467195 1.413137695228541 0.38769236736909929 0.081865247259603771 0.91814634431275022 -0.86675342951986034
0.92154065954041298 0.10473599867792248 -0.37388926622030588 10.648106952100287 -0.11786892065263893 0.99295217543822067 -0.012365065171161354 1.4450830750096144 0.36995909281703354 0.055464834566086862 0.9273909217630687 -0.91622924410186801
0.93332860310965382 0.084713292498439244 -0.34888590784303075 10.498180265405299 -0.089635706544648683 0.9959725242029982 0.0020423381086351164 1.4862536217735061 0.3476537914788555 0.029366462278971231 0.93716298057680136 -0.96980108701125745
0.94420689068248642 0.063504663507666634 -0.3231725627284735 10.343012901835227 -0.060681696052290124 0.99797983451463246 0.018814400505047159 1.5243454158785443 0.32371450284460307 0.0018459726230033182 0.94615300719975881 -1.0233560964143638
0.95377569915759575 0.041668582412102785 -0.29761660729234374 10.18252167125701 -0.032422043733259368 0.99882787158236286 0.03594014510830168 1.5600309383821012 0.29876533730772376 -0.024629498371119225 0.95400873215782944 -1.0779333607034876
0.96213901719980255 0.018451392242725149 -0.27193392158041463 10.018218974938383 -0.0036012892337222383 0.99847944883868089 0.055007462790600509 1.5918907325470923 0.27253539641237995 -0.051945513483931664 0.96074248440007981 -1.132470267944635
0.96948307256309874 -0.004624826477390512 -0.24511463235324693 9.8458843620028134 0.023109246998213737 0.99709417496211339 0.072589041595808493 1.6262903814709282 0.24406666039586167 -0.076038261662642506 0.9667728006344275 -1.1918847432101729
0.97523260325331973 -0.026432222464845365 -0.21959669206825944 9.6689051566398163 0.047532945010235361 0.99468215271916471 0.091367577403705921 1.6562103773473345 0.21601386226445507 -0.099542717852875481 0.97130286658284704 -1.2506428543237134
0.979644119706641 -0.048145108760042951 -0.19488316301487887 9.488474359209274 0.070665886959471041 0.99138207570308012 0.11030826077354244 1.6852098133257285 0.18789287145719891 -0.12183443058978118 0.97460383765837499 -1.3099119583211023
0.98284371299003226 -0.067924418845828824 -0.17147743046950414 9.3035457897809763 0.090403592445709682 0.98778938942313488 0.12688306670308877 1.7137635822048274 0.16076512777613572 -0.1402084001318282 0.97698320263124072 -1.3748810768355983
0.98514478674484574 -0.08526427806058097 -0.14906291301413749 9.1123806505256546 0.10665951648166415 0.98410430936733284 0.14199456267245775 1.7431032026084254 0.13458639118926552 -0.15578418139032224 0.97857947665746448 -1.4420525687584469
0.98654094777460732 -0.10103716761316672 -0.12856301616206875 8.9188748835923501 0.12086573505007493 0.98014543992210135 0.15718266663571973 1.7679297542322019 0.11012916259912539 -0.17060600036522616 0.9791655427886522 -1.5116904159129678
0.98766379718009101 -0.11286478154236619 -0.10854383827375012 8.7181158668578593 0.13036645927358248 0.97666225274349816 0.17069103773328229 1.7891940091000991 0.08674566292485987 -0.18273583434397694 0.97932773105346982 -1.5847270898266081
0.98834966724147599 -0.12108033637521291 -0.09221977774278621 8.533481766760314 0.13629165458723128 0.97377796924532045 0.18215666746604334 1.8028634311409089 0.067745997324848817 -0.19260326777011122 0.97893537125324903 -1.6700921405094202
0.98895505532739292 -0.1260484842945658 -0.077972290907962122 8.328940833216592 0.13893028979473787 0.9716317893786951 0.19138976055762558 1.8146741351123665 0.051635967309070836 -0.20010858421316588 0.9784121224740927 -1.7524167095248646
0.9897375317073499 -0.12769808442786965 -0.064131252625342097 8.1182320431442747 0.13802770313222359 0.97048597295948869 0.19775067498473331 1.8241040252204339 0.036986098711347219 -0.2045731544517207 0.97815226472149375 -1.839155680445294
0.99068136775632532 -0.12512485649030744 -0.05379774966238466 7.907483463304839 0.13348950853716871 0.97042059741922004 0.20115768743706786 1.8294404333113761 0.027036617594695733 -0.20646460808769107 0.9780804603488582 -1.9325443141298604
0.9918411826135205 -0.11940421166739067 -0.044650898175758132 7.6940678299537133 0.12606011967802477 0.97079110093356491 0.20414084494524645 1.8193946553308755 0.018971417937914552 -0.20810399463798393 0.97792270283348004 -2.0333559192590789
0.99323615843044322 -0.11025056377978282 -0.036424535310358358 7.4798515179073304 0.11538844006444139 0.97218428179128746 0.20382156445639699 1.8008723649905534 0.012939918308487038 -0.20664591799548918 0.9783302219036123 -2.1442052656028716
0.99440674690468867 -0.1020094098759072 -0.027373381362257553 7.2320432107859327 0.10542822991312026 0.97424153914929212 0.19934470580731467 1.7782396864806045 0.0063332493887958488 -0.20111564755828365 0.97954703116256314 -2.2321602179004483
0.99577398844685849 -0.089091247368557641 -0.022291558378681593 7.0211697459717088 0.091730660029975861 0.97658486708697645 0.19459569210847824 1.7316251446950965 0.0044328256339142271 -0.19581814782860946 0.98063020708005533 -2.3606397994760746
0.99723237840508872 -0.072315348847677485 -0.017264813395127143 6.804706309328612 0.074283783822181967 0.97876629464355092 0.1910457011575856 1.6649848731592212 0.0030826809094009868 -0.19179945461542092 0.98142929765095055 -2.4905104386885268
0.9984717833613399 -0.053594039032118214 -0.013482463107648182 6.5857595778435467 0.055167953781404565 0.98099011710221873 0.18605076464059067 1.5981975056744724 0.0032549511206948593 -0.18651023866801375 0.98244762515118467 -2.6114625619679388
0.99932517010214972 -0.035101131468286507 -0.010821967009536221 6.3511863435025013 0.03647452669978906 0.98307765847080075 0.17952138122684469 1.5314041590229956 0.0043374303839712651 -0.17979496095612305 0.98369454543188883 -2.7234364187204987
0.99984578958670511 -0.0098545010552508749 -0.014535675240262216 6.1472700073786086 0.012205713600434964 0.98506487597857506 0.17175043134973089 1.4859429106593474 0.01262606832083803 -0.17190136393370045 0.98503324993448371 -2.8207246994929513
0.9998163347656881 0.010680965924062548 -0.015912689987384338 5.8903842285367745 -0.0079269113276934384 0.98642028728258668 0.16404932463787222 1.4524604546208326 0.017448805475116989 -0.16389305599770887 0.98632378323916703 -2.8927718217584539
0.99933152336680553 0.033381257505655126 -0.014906309158243067 5.6037469628010381 -0.030705781501127981 0.98769974052156706 0.15331789705065102 1.4496329930749969 0.019840901889404242 -0.15275769774702086 0.98806448392361768 -2.9447693949403311
0.998413407185473 0.054426753608760772 -0.014435956632877542 5.314089455071799 -0.051747566412727701 0.98795179306268199 0.14585418730565131 1.451897272441395 0.022200399155317213 -0.1448757504755124 0.98920076789370792 -2.9703942519724249
0.99690646615282363 0.07670545779377852 -0.017139734167590761 5.02580539475567 -0.073665732909439285 0.98789882771152993 0.13648906916343215 1.4755701217417132 0.027401779825477934 -0.134804224528877 0.99049329301695133 -2.9805258200762546
0.99504936572465319 0.097011592430593999 -0.021575697092924236 4.7458159402865352 -0.093529916487827131 0.98751975996057295 0.12671573860098204 1.5136407877592581 0.033599322801886725 -0.12407044217497028 0.9917043969277145 -2.9728716269611519
0.99275984111266935 0.11750844522516656 -0.024893034662561628 4.4541848856436426 -0.11386770779695969 0.98665570366932764 0.11638156012809861 1.5637520831482361 0.038236670814986808 -0.11270442634407961 0.99289257691224497 -2.9632294700691624
0.99039310688355076 0.13557307049851722 -0.027229329649326482 4.1706919091646215 -0.131855751825152 0.98521219888142975 0.10941199150843529 1.603895321587592 0.04165998737603651 -0.10477053846774904 0.99362345972758037 -2.942009406915167
0.98805815207921155 0.15091708938509513 -0.031066384426655727 3.9050621362244078 -0.14714701545579675 0.98401811398611316 0.10028014354628843 1.6609461119222071 0.045703872399010699 -0.094511287573199015 0.99447411860188251 -2.922163806624702
0.98564069383203445 0.16519343016500224 -0.034979326646264984 3.6523993910310248 -0.16135903907820845 0.98248890866031591 0.093160103409231199 1.7166363593033234 0.049756237499058803 -0.086178158426494664 0.99503650276769007 -2.8893068144579472
0.98339421075906863 0.17772769346655243 -0.03672455882114177 3.4023209791041569 -0.17401212756255185 0.98086871145483734 0.08727170417770698 1.7732103173263432 0.05153256937803985 -0.079431970037172089 0.99550738642629433 -2.8548757000748139
0.98138183533942902 0.18828745428983973 -0.037914744135565732 3.157074342773377 -0.18472691668020161 0.9793550450787637 0.082095444042885587 1.8296474502542175 0.052589538119665692 -0.073563103766930635 0.99590301246885282 -2.8129473003128989
0.97963112670809227 0.19702626017627747 -0.038775100071867658 2.9253815806511607 -0.19359262449034434 0.97795705767792074 0.078242501755019886 1.8822016599948665 0.053336210285078026 -0.069142216762941397 0.99618000508619542 -2.7719346530458449
0.97826722436328517 0.20382751377640684 -0.038047107173637247 2.6982020683963226 -0.20054546087978961 0.9767230545118889 0.076115654798985993 1.9287282758187767 0.052675951411116723 -0.066831275707518206 0.9963728341992466 -2.7322029250293403
0.97707723192158646 0.20938162023265344 -0.038463228793213636 2.4876240681098438 -0.20633879248938503 0.97590674187349524 0.07092484670326589 1.9980431437778545 0.052386883611002313 -0.061362596706855267 0.99673980865164569 -2.6757962290574078
0.97614392782624948 0.21410456971392192 -0.036086914464358633 2.262839893213366 -0.21136695040488038 0.97506341366541904 0.067641345401175293 2.0540920116003769 0.049669351158258927 -0.058400107523502047 0.99705686046321407 -2.6107454480452916
0.97553919031249858 0.21705801544051545 -0.0347722029422875 2.060832863940123 -0.21446288531594584 0.97448454849376542 0.066223376302192771 2.0930714290732828 0.048259289120273045 -0.057146151925806486 0.99719875568197458 -2.5403364968237852
0.97506235450374434 0.21928655056542859 -0.034158652940800421 1.871381064029521 -0.21680010451416037 0.97407414186595287 0.064631887105026584 2.1257332161183515 0.047445964130402564 -0.055614520489018986 0.99732437331016488 -2.46377154435518
0.97494294605184284 0.22005028572052107 -0.032620908909323593 1.6822961058777184 -0.21775736134767779 0.9740146652506213 0.062266872858825657 2.1536262766955998 0.04547508683499378 -0.053603205417561799 0.99752629681944349 -2.3812162297003718
0.97502212923837461 0.21984962473669578 -0.031590979703076602 1.5025733547984594 -0.21758418384817116 0.97401288831926924 0.062896870566668386 2.1529661327807879 0.044597874776623622 -0.054452143126685421 0.9975199214423337 -2.2872774405114895
0.9749242898662982 0.22066637929019561 -0.028791979432641314 1.3200650957546511 -0.21866656951949462 0.97394180110076711 0.060185541811715544 2.1624040936129738 0.041322637903092881 -0.05238050323879366 0.99777187897694353 -2.2005408194036771
0.97501736453248489 0.22043933241133987 -0.027342998851084353 1.154209773324437 -0.21858324456726438 0.97406346990789461 0.05849548517142069 2.1556277089170508 0.039528522038840219 -0.051057392383818657 0.99791314182567503 -2.1088765794204742
0.9751393485702563 0.21995448688841851 -0.026893764474847717 0.99851386427890776 -0.21819175456175427 0.97425732992454928 0.056701087551750559 2.1415394174117455 0.038673105787345417 -0.049423463920901536 0.99802891346033662 -2.0192141129906864
0.9753468407175867 0.21926400255038789 -0.024936669541181015 0.83922799450433971 -0.21764192776161975 0.97444742171938159 0.055535696490235584 2.1212843664719547 0.03647645243754466 -0.048739301287904956 0.99814525442319191 -1.9307899872739274
0.97543070554638256 0.21905929157324602 -0.023408661916354181 0.68701180251135507 -0.21753218285040762 0.97450429870880584 0.054964727074691994 2.0922698953992129 0.034852375839007112 -0.048522145186359458 0.99821386151710512 -1.8479355757332445
0.97523521961869974 0.21980989968537046 -0.024492333812310207 0.55637324227959661 -0.21832177943718556 0.97446982282356587 0.052384778605901121 2.0736967413997873 0.035381733121021018 -0.045740271167929857 0.99832658011035502 -1.7646015180223606
0.97524091238388633 0.2197985388177727 -0.024367296653859439 0.42277653799524151 -0.21836120686293128 0.97452899555545858 0.051104013140195838 2.0427557539790451 0.034979224548426835 -0.044517852095998914 0.99839602097301516 -1.6834494431964833
0.97499488423363689 0.22066985470573058 -0.026263871428039088 0.30101184348455967 -0.21923441109842554 0.97445390784857544 0.048742737602301099 2.0135256527530871 0.036348984972944573 -0.041765975420095219 0.99846600071742286 -1.605904526492282
0.97447099057576259 0.22238565940586486 -0.030836780261731769 0.21288616497105547 -0.22087214922286971 0.97421739850011124 0.045999501707582213 1.989818962553608 0.040271357364285797 -0.038014194063457081 0.99846539190186456 -1.5135536353865935
0.9738040086857993 0.22504006500867682 -0.032599414233360366 0.10154624571239533 -0.22351246896673463 0.97367397382868925 0.044734426396719464 1.9551587205792238 0.041808239425527152 -0.036276188189217573 0.99846687941393353 -1.4401677646592306
0.97286970342041768 0.2286731180195111 -0.035116168098232224 -0.0056609137871258281 -0.22718865449363743 0.97295762594426349 0.041698601730432119 1.924293495815 0.043701892819867423 -0.032589311317321838 0.99851293499474691 -1.3703417837471064
0.97161266064493523 0.23359561289001599 -0.037442319813383904 -0.11502861751953226 -0.23217797468043533 0.9719063405810151 0.038619337276955219 1.8910782916295417 0.045411735793306596 -0.028829755062397985 0.99855226176464162 -1.3080231119470436
0.97016617093941737 0.23868445107639127 -0.042512746078214418 -0.20135201709987885 -0.23729562751615171 0.97079803884273475 0.035241352709790952 1.8624380375145599 0.049682853445275683 -0.024101879459118646 0.99847419269607252 -1.2431763164338347
0.96849244841162818 0.24464414253199548 -0.046600653369177313 -0.29073370488995476 -0.24333157804035924 0.9694116954243186 0.032104639897327508 1.8333916168387521 0.053029430489475358 -0.019753690777502674 0.99839755168100697 -1.1804765614628927
0.96684875276052373 0.25005207383545092 -0.051744078463237642 -0.36836061990005542 -0.24889807446203918 0.96813170089557266 0.027762533208169866 1.8090835169480133 0.0570371616975167 -0.013963169111479145 0.99827440721169236 -1.1206457055680761
0.96528594833105141 0.25519074337530584 -0.055684131044503177 -0.44492823216154503 -0.25419261979397872 0.96684462201941535 0.024445631806270268 1.7792047992565327 0.060076201585123425 -0.0094425297295138346 0.9981491314605303 -1.0664866995722269
0.96356145445317742 0.26066943322698261 -0.060006416933530954 -0.51623407104856489 -0.25982897649958475 0.96541428310746236 0.02154448753818361 1.7544970409670009 0.063547041341476387 -0.0051680318524938628 0.99796546282099174 -1.0146095290644381
0.96186578385953159 0.26586198991081911 -0.064277648999850751 -0.57561626698114243 -0.26521034928848941 0.96401071195104804 0.018623046848224745 1.7256120590304731 0.066915502468157126 -0.00086577381182713885 0.99775827030656117 -0.96301752973266552
0.96033582611087598 0.27066047760456902 -0.067067182368186484 -0.64044692729746699 -0.27011808963316397 0.96267354461858512 0.017200701858328216 1.6886010154780164 0.069219352358072084 0.0015976089495690559 0.99760018489612035 -0.92329532617499588
0.9590833120979495 0.2743039283158451 -0.070118152897252817 -0.6932003840529033 -0.27390983097039501 0.96163265561621825 0.015363598220127369 1.6658418898143779 0.07164220092233653 0.0044710807413409171 0.99742037500945802 -0.87847844254285679
0.95804350182264786 0.2773049634388054 -0.072488660269043548 -0.73837512719159604 -0.2771164497776209 0.96075045162838868 0.012846904626982901 1.6477353752394943 0.073206023509307744 0.0077799066864771543 0.99728649402962666 -0.83818076345611814
0.95762986358090885 0.27830831516366017 -0.074091336124911117 -0.77720158631163816 -0.27811089100077374 0.96045858517066329 0.013177195404306284 1.6173591529214919 0.074828982919490999 0.0079867316677320489 0.99716439739518503 -0.80124053485829838
0.95764716278038386 0.27836695660167199 -0.073646107100128935 -0.81594871091017684 -0.27822851126560266 0.96043563920968111 0.012340115672784749 1.6026005467912656 0.074167426391962665 0.0086729699765519357 0.99720808884313539 -0.76644906644065425
0.95789853246227885 0.27782020393079626 -0.07243159389702386 -0.85197210028464221 -0.27751428336510164 0.9606127389152701 0.014456429782531404 1.5772375702484944 0.073595000067712801 0.0062530089999938343 0.9972686076697086 -0.73948553496315916
0.95917862806329324 0.27363828963546488 -0.071403402663991603 -0.87146134439200718 -0.2731587238570915 0.96182595543291904 0.016587436098381168 1.5520212609641078 0.073216603631853741 0.0035941481508171801 0.9973095863630741 -0.71920225937708926
0.96101256363078891 0.26769375939060785 -0.06924524335362027 -0.89091667042688927 -0.26705996509516911 0.96350372901456938 0.018426589982592965 1.5379410176071595 0.071650733332924085 0.00078444779487922577 0.99742947472716648 -0.69319346716595842
0.96301622194194159 0.26251471354610312 -0.060710637029078085 -0.93551411418834307 -0.26158028372560704 0.96490762234567173 0.023000771840385223 1.5178396277301831 0.06461819745783684 -0.0062694107402477836 0.9978903662458467 -0.66298504452506846
0.96588764551880646 0.25344269271736602 -0.053177605646618775 -0.96167694733236986 -0.25228708984645926 0.967260636769949 0.027533340738047314 1.5041859899426346 0.058414728715805171 -0.013178090285151467 0.99820541844126209 -0.63943717234201214
0.96962271363475516 0.24059534060120663 -0.044109809391598247 -0.98222356149670731 -0.23926047098577014 0.97037852229772914 0.033465661310406278 1.4894797901727419 0.050854893837675427 -0.021895331563251418 0.99846601055243445 -0.61882103476219852
0.97381013307506903 0.22497348119454444 -0.032874876114201812 -1.002987597362645 -0.22354579643797892 0.97378344879943146 0.042107858401904417 1.468056923083769 0.041486161731664875 -0.033656018830115569 0.99857206589273306 -0.596336899469461
0.97841386599533298 0.20572429971519118 -0.019591307632742704 -1.0270293629539211 -0.20449823566281072 0.97750265389155899 0.051662687171272384 1.4483194356068958 0.029778825343926951 -0.046541101637728864 0.99847240693946193 -0.57596991228728889
0.98313606800413111 0.18284593375719527 -0.0032918532524528581 -1.0532266400630521 -0.18227177321597035 0.98119286142262363 0.063541871092925181 1.4264277633412137 0.014848315664822828 -0.061870293370432483 0.99797374430401442 -0.54836680566931795
0.98750439122498057 0.15717062780038724 0.011509607648077234 -1.064045093742962 -0.15758863019548827 0.9844094261923596 0.07812749360333239 1.3964487970433648 0.00094918095756360316 -0.078965026312040318 0.99687693507024666 -0.52854113947136727
0.99093363168514992 0.13080529905656668 0.030667757237884622 -1.090534903025993 -0.13310672666207871 0.98683815106290285 0.09183170979600784 1.3838494302441184 -0.018252038587137386 -0.095081214472016895 0.99530217810569466 -0.49860992543791866
0.99370283600091469 0.10012773562924565 0.050290260304549181 -1.1094588360727315 -0.1050303720121827 0.98871773533141649 0.10679822468607494 1.3711550711633436 -0.039029407870501201 -0.11140770349879185 0.99300807092510746 -0.47479458111844786
0.99515345435296143 0.067892697163878482 0.071134970030093767 -1.1299170080133782 -0.076389312275087828 0.98927819974669706 0.12447215140774674 1.3513665923326807 -0.061921525009543815 -0.12930284288347182 0.9896698942388541 -0.4488072695885309
0.99500999110523769 0.03404250804443458 0.093788193536284148 -1.1536787944227389 -0.047476795974746418 0.98829745225124355 0.1449624079465891 1.3248569431671406 -0.087755748784493798 -0.14869180717089164 0.98498206838273306 -0.42152342450755675
0.99333504790351124 -0.0032406396766826049 0.11521710316187951 -1.1681434859490907 -0.015834547827028544 0.98629046598829673 0.16425706619717262 1.3096057582249279 -0.11416982833324581 -0.1649867114499671 0.97966557321531011 -0.4001899452873684
0.98952330831924795 -0.039884229581309438 0.13875471351862542 -1.1909298280609499 0.013501446787448468 0.9824360507494202 0.1861104970777524 1.2899280816422591 -0.14374050656504622 -0.18228728540023792 0.97268186595301354 -0.37287182778020617
0.98353834976893872 -0.079328231560395382 0.16235561650676855 -1.2092840516935432 0.04421001204167474 0.97681734745174786 0.20945964898425284 1.2673554279365309 -0.1752078461972168 -0.19883385374435547 0.96424442401089394 -0.34657013336570081
0.97535537854953203 -0.1182567073689024 0.18627194285980039 -1.2299662605455661 0.072850003193768942 0.96949442297688382 0.23403726380939213 1.2409664176326851 -0.20826608597937116 -0.21469959240526035 0.95421660143378795 -0.31920908348594806
0.96491339462089565 -0.15922194349623806 0.20878341311143589 -1.239835002922502 0.10235002443024083 0.96034360732915658 0.25935425263749162 1.2148344569659733 -0.24179870425688557 -0.22888540488922296 0.94294477995712322 -0.29372767544170431
0.9518600457052161 -0.19949665640683867 0.23273061137838291 -1.257974725543614 0.12927276935979257 0.94966951811318445 0.28533551736284418 1.1891605774585974 -0.27794064922589851 -0.24151374795063713 0.9297419561677972 -0.26620379109956865
0.93654800759515555 -0.23789990197225677 0.25745187144616888 -1.2849293481275001 0.15325123234113119 0.93841666093624254 0.30965824752975313 1.1775049267063069 -0.31526479228652965 -0.25055499819174198 0.91533070724501941 -0.24009833509560224
0.91903994800691591 -0.27790695931075626 0.27952333701158949 -1.2946720243447414 0.17718420165448834 0.92474241891995279 0.33683410951703852 1.1489163198517687 -0.35209562998070082 -0.260036883185298 0.89911594732368583 -0.21361322770573277
0.89942438947780312 -0.31579112373613244 0.30217831454614913 -1.3082346718461195 0.19814337591111958 0.91083606320387356 0.36210063318063146 1.1294065163287386 -0.38958307226447292 -0.26580750955670929 0.88180008940135324 -0.18651016588288921
0.8776803652369084 -0.35129753307541212 0.32598653305426084 -1.3282233317572516 0.21501173390969447 0.89654671715536027 0.38726468757052124 1.1114709987129334 -0.4283072854373991 -0.26980368272704586 0.86241454186961042 -0.15617051520756289
0.85383798074041761 -0.38558308465066354 0.34969470610291686 -1.3508162253702261 0.22890467529751796 0.88147905281162564 0.41303429528461322 1.0849811302213059 -0.46750759595119318 -0.27261761550860641 0.84090206530983003 -0.12330556561607413
0.82885908743139058 -0.41734301352123049 0.3725821013513938 -1.369513812043172 0.24031925206095328 0.86699769594157483 0.43653367833520546 1.0667013680191979 -0.50521210424065099 -0.27228625432992143 0.81891447992553834 -0.09578038157133191
0.80267908212780748 -0.44816764783821023 0.39351245284695435 -1.3823338912347676 0.24982757994416868 0.85178189998822229 0.46049296970930409 1.0408555048330186 -0.54156483583565551 -0.27131781047992409 0.79567215252431656 -0.071874604225016042
0.77573305580184171 -0.46769133041291971 0.42367799753224145 -1.4022272565138694 0.25508390872709419 0.84646869591381346 0.46735740750144922 1.020404134201355 -0.57720916975117809 -0.2544711502205334 0.77593428076132487 -0.042311720722030426
0.747381724970825 -0.48507582782724479 0.45400660616046917 -1.4254280774045247 0.25631124322196158 0.84094872301113921 0.47656037588530881 0.99237698153696685 -0.61296419453149675 -0.23980551812593362 0.75284009570340138 -0.011532813965132713
0.71722527750751219 -0.50068745988229668 0.48466480047645899 -1.4505371165822722 0.25573695754937564 0.83611025264808225 0.48530222950255353 0.97189643671017534 -0.64821794934085331 -0.22412432472485858 0.72772369565582062 0.020856752661643507
0.68790616208226485 -0.51442600276810357 0.51200683574077432 -1.4641576266871112 0.25194866208695654 0.83082213005640559 0.49624233987148825 0.94471951556925926 -0.68066657317797064 -0.21236872623945421 0.70113660600027894 0.046834847099364946
0.65738551927862987 -0.52696989633626345 0.53865295636254906 -1.4784718648887649 0.24624153671404428 0.8257983296424144 0.50736793784836687 0.91909715550700555 -0.71218634123343882 -0.20089760355749897 0.67262974082728599 0.070448041211388965
0.62568731034844582 -0.53858228242299422 0.56430888237645704 -1.4990050207134094 0.23822665509634078 0.82077076675748006 0.51921422287717356 0.89374994989895096 -0.74280781529985063 -0.19043233311697952 0.64185050910090191 0.1002372964162549
0.59306003874986291 -0.54919658288953788 0.58878086227429782 -1.521194818150809 0.22944983378728342 0.81621872538540152 0.53022614619162123 0.87758629231350116 -0.77177235258397214 -0.17936026782062225 0.61007977356597864 0.13023033642742929
0.56139109320785541 -0.55884835221823759 0.61035117734780353 -1.5380495391559119 0.21914040167777596 0.81160101950155539 0.54155449356139507 0.86137505235128975 -0.79800847415261966 -0.17027126700355705 0.5780918359686561 0.15434788688154977
0.52943441278345238 -0.56798747845493158 0.63015032085927669 -1.5634201980935831 0.20761584052313745 0.80695543438515782 0.55291824864091121 0.84465208845752893 -0.82255386773421224 -0.16190475976533222 0.54515317429216004 0.17979633062522785
0.49758964778154458 -0.57878197633024475 0.64607736866097876 -1.5825904013803735 0.19481031829091688 0.80037227466757721 0.56696839579542713 0.81227883279508994 -0.84525350180169623 -0.15625506653771054 0.51100965927589437 0.2079758407457632
0.46517093965639067 -0.58898104594788636 0.66084591578773066 -1.610325568550433 0.18062690928415853 0.79397883138030634 0.580492493459145 0.77997024439126938 -0.86659674390205432 -0.15066168336407459 0.47572170501697808 0.24415174798436812
0.43475955025476642 -0.59930934247794632 0.6721699528251206 -1.6313281830759068 0.16845893270374895 0.78734965919688238 0.59304477247073595 0.75249501603899027 -0.88465005592866319 -0.14459884571186851 0.44326679591890078 0.26682370740199862
0.40663863519269644 -0.60880811423513648 0.68117376667784113 -1.6510497391589911 0.15700652582668576 0.78107865930409492 0.60437163966184881 0.7286575802372306 -0.89999665066957624 -0.13881213211090113 0.41320360690871338 0.28989675485077027
0.37868962378735188 -0.61811814286603783 0.68885711892643897 -1.6752546577252456 0.14536580582984607 0.77477427518008346 0.6152996058950595 0.70652532938642343 -0.91403662472093172 -0.13287130607853817 0.3832522207238338 0.31856420361335014
0.35270882565176703 -0.62618113562844302 0.69533709069085703 -1.7045107280575458 0.13693791370911851 0.76963426431190796 0.62362737831662107 0.69380766996137933 -0.92565895020593059 -0.12474086972657171 0.35720473586378043 0.3353280438371436
0.3265668432512942 -0.63555061835075244 0.69959238732483409 -1.7351372664043658 0.12648574708300858 0.76290137266505309 0.63402117580616413 0.66179705942971112 -0.93667254292721625 -0.1185618281731257 0.32952638775446874 0.37176459195880202
0.30379785438510531 -0.64352471580129322 0.70255448459451975 -1.7611479524985554 0.11820628615624078 0.75716849004368136 0.64243532872820786 0.63942371280310184 -0.94537513061437972 -0.11212411800248949 0.30609482938790183 0.3978163302258812
0.28087163078418292 -0.65182841689693438 0.70443654217130869 -1.7873529026122339 0.10965727519746497 0.7509715959862503 0.65116583449850296 0.60903639946482446 -0.95346022938395336 -0.10564741808250816 0.28240434493045391 0.43797641836023299
0.2592926988369072 -0.66061559955231941 0.70452418408313155 -1.8123880978928724 0.10267938516988331 0.74419469757845624 0.66002363287782717 0.57215095399755456 -0.96032507006274048 -0.098799199006062266 0.26079585519090004 0.47631786997911857
0.23991470373102755 -0.66706648576036121 0.70531073897182006 -1.8451321439098103 0.097665471665167022 0.7394286975844474 0.66611309612781866 0.54667765239644506 -0.96586872326319484 -0.090925820116672912 0.24254917987500341 0.50992341656217521
0.21684065649382825 -0.67182395023914676 0.70826034025377582 -1.8703766830319195 0.099267540189625705 0.73693658862168676 0.66863324761436427 0.5191494748360983 -0.97114678867616444 -0.074679610575439662 0.22648812465176646 0.54001462679594092
0.19466168239146739 -0.67588113866952126 0.71083860038641311 -1.9051232159111913 0.099541769045348616 0.73457272172817267 0.67118876086253643 0.49067846028495804 -0.97580646934924842 -0.059896601603562367 0.21027156605803415 0.57999240889880765
0.17526840289188766 -0.67988516206160987 0.71206541367783449 -1.9379339969744771 0.10005883619455806 0.73181712158589152 0.67411566504060061 0.46067268544797518 -0.97942289959297846 -0.046902739389068186 0.19629293617113092 0.61859901283968965
0.15860840644655014 -0.68389662691736963 0.71212974737440238 -1.9709696581753124 0.10152443862594579 0.72873334227657094 0.67723002312073011 0.42612240906415239 -0.98210801939815784 -0.035115801933916523 0.18501545526891933 0.6493090527150398
0.14385137291203554 -0.69013539270350199 0.70923897400615665 -1.9979813510703455 0.099056701988803592 0.72313540716206859 0.68356634842541075 0.37197163324914517 -0.98462914455261985 -0.028077084010489604 0.17238655704852424 0.6951685565083835
0.12946725670687001 -0.69385059479547362 0.70838519291608948 -2.0378630268654736 0.098866654349722902 0.71987059594483016 0.68703108354115039 0.33761691133911492 -0.98664259694100509 -0.018912355643924704 0.16179835816691054 0.73875396309046293
0.11735412516543028 -0.6968101856769936 0.70758997621747777 -2.076929702524287 0.10086927552103658 0.71719205309184741 0.68953676351428972 0.31018885594565415 -0.98795414800613002 -0.0095458953846173852 0.15445218457111001 0.77492377793226064
0.10573847385786229 -0.69964771878975907 0.70662043894759829 -2.1164464308636122 0.10308872840912595 0.7144879021048971 0.6920113812797678 0.28513668224078303 -0.9890359392970508 -0.00032762482978760418 0.14767465402285959 0.81557494359299421
0.094370005469085236 -0.70388474030540649 0.70401745321615117 -2.1532728325180455 0.10216748272802317 0.71028712226194501 0.69645818928480085 0.245070840569689 -0.99028082256538941 0.0062029278598920547 0.13894393166015231 0.86661612034782298
0.083844146692883051 -0.70758073232626439 0.7016406960161089 -2.192800716228525 0.10502991997524043 0.7064730658730014 0.69990322410030104 0.21721404464754354 -0.99092828952217193 0.015010477561656287 0.13355077906187632 0.89965490176595919
0.074357736701898824 -0.71220919807626948 0.69801789745545095 -2.2234033950980612 0.10678122303293275 0.70161773871057331 0.70450714626201805 0.18124204358713392 -0.99149820847047554 0.022149647902811813 0.12822127630631083 0.92674371510206877
0.0625568802599797 -0.71604090128883147 0.69524964179323134 -2.2543797089143363 0.10696669124524034 0.69741174563061625 0.70864305826029372 0.15293332487027961 -0.99229268046085295 0.030038054829405379 0.120220429070444 0.96528713222623663
0.050874803763574956 -0.7193897163083558 0.69274107025049536 -2.2803983110517696 0.10662738838954956 0.69358717427356098 0.71243766866192637 0.12396275303731191 -0.9929966537643734 0.037620044564037211 0.11199275806835883 0.99727966419367786
0.039588551703946713 -0.72257120972884048 0.69016200521687965 -2.2955597128552641 0.10704090802665527 0.68979563836363422 0.71604763899012702 0.10065766072631223 -0.99346614969147973 0.045528278745262232 0.10465268869780948 1.019947987367444
0.026649710810686317 -0.72513698300355933 0.68808876519981255 -2.3152017819864419 0.10822750952113572 0.68638014097860911 0.71914470605924419 0.081864930058339086 -0.99376888615842651 0.055305134939534248 0.096771601995423395 1.0347789396138858
0.012113237465191107 -0.7288856298566998 0.68452831063916875 -2.3246050184276048 0.10765138948632476 0.68155027377524613 0.72380964532019787 0.060974502187103367 -0.99411490674859926 0.064922745669673404 0.086721331141394228 1.0549004653891934
-0.0038861033107077947 -0.73125602524327227 0.6820920199991124 -2.3395373328041376 0.10809914996263971 0.67779290690757343 0.72726291609234162 0.048980287673573583 -0.99413252234217431 0.07655978638418523 0.076414181474348558 1.0688795002069247
-0.022402479468177014 -0.73410258337695633 0.67866893695892505 -2.3490177765165066 0.10809248011019944 0.67308132309820756 0.7316266453868342 0.037958183020683697 -0.99388839647985872 0.089749259471292253 0.064272278371398608 1.0820701647641013
-0.041875129013839558 -0.73692347333516195 0.67467789945848655 -2.3570941418545002 0.1082609119363496 0.66794766182418974 0.73629171936828641 0.031102813885966852 -0.99324017665254816 0.10387355539904496 0.051809612737186379 1.0861319354422225
-0.065218334876945463 -0.73977949427610956 0.66968116939664846 -2.3603407390964564 0.1080441128739552 0.6619294176317817 0.7417384415998205 0.026528307399412952 -0.99200455566955903 0.12073005393121435 0.036758884757394444 1.0924629999902482
-0.090532637342786826 -0.73964905024111871 0.66687564361968621 -2.3613532291508696 0.10605725516723585 0.65865696252686678 0.74493144942422274 0.025029094158514523 -0.99023012487105844 0.13816760905614722 0.018815196133879487 1.0928198225588237
-0.11909470108901329 -0.73930186740601422 0.66275878041901437 -2.3598390003469381 0.10236278378185894 0.65481019061785384 0.74882940297469502 0.014993755859205749 -0.98759217932755416 0.15702344765349532 -0.0023074267188668927 1.1061754634953913
-0.14787073263593842 -0.73659655931764512 0.65996951083449162 -2.3707270607476292 0.10058538315735022 0.65264448257244412 0.75095789500000298 0.011523214591221813 -0.98387846156158998 0.17742798023184858 -0.022416170637439104 1.1047717599031563
-0.17887064879151726 -0.73390292289708148 0.65527993313088861 -2.3728036092407119 0.095528559508399766 0.64991941404652032 0.75397549665998931 -0.0014459211316953757 -0.97922397096841518 0.19746203434723311 -0.046142818209341338 1.1222972426800155
-0.21098782081152906 -0.72968931840598761 0.65041343626450943 -2.3825984265403855 0.091360708022552348 0.64775879685933169 0.75634764633795804 -0.015139513150157147 -0.97320982347016027 0.21900237372128159 -0.070004284194783759 1.1334585428345132
-0.24550346712237467 -0.72274484867888844 0.64604019328446127 -2.402900166214931 0.085558964217962621 0.64768023747880188 0.757093107630331 -0.027007496782554003 -0.96561260931744419 0.24114351263829009 -0.097170443240855081 1.1622115864041491
-0.27910184033181723 -0.71705980324313512 0.63869194553893471 -2.4121203736654548 0.079414803785339522 0.64560831427256571 0.7595282703638303 -0.052799047430446534 -0.9569720224035444 0.26270733357683818 -0.12324530507008796 1.1820948257083719
-0.31491853428286332 -0.70909762794842679 0.63087785727749945 -2.4319191358846406 0.070799609374640859 0.64529598348839512 0.76064479818516029 -0.078426325802838356 -0.9464743694773422 0.28420705081271203 -0.15301183023155174 1.225833611263774
-0.34942637377380897 -0.7008290218867792 0.62188414627847555 -2.4486014260377944 0.06284926019016257 0.64469619562507041 0.76185089475573253 -0.1079288448688895 -0.93485356062050551 0.30529575402841974 -0.1812272682776597 1.2580771545453799
-0.38203941014172171 -0.69126974458462087 0.61334495132876066 -2.4754020131386429 0.056312153084400587 0.64504194579215512 0.76206943882015732 -0.13518707491677975 -0.92242876717585387 0.32567933368665475 -0.20750455680744032 1.2822123074347347
-0.41463880250141399 -0.68096649607948545 0.60362181428227257 -2.5070115566728433 0.048234436053985717 0.64595144413083605 0.76185311642326525 -0.16793417900016486 -0.90870682986249651 0.34500922167750181 -0.23499049835841665 1.3154656977217403
-0.4470277351351668 -0.66959401767719351 0.59313578168142822 -2.5378873492552789 0.038490993316604404 0.64806418516859521 0.7606124212338804 -0.20079454865253218 -0.89369158407888449 0.36284523338839508 -0.26392932605888381 1.3630604397564485
-0.47704111335752036 -0.65824612673466543 0.58236055224013106 -2.5797664970217826 0.031303208498443827 0.64947008179217169 0.75974253664947122 -0.24118057970907922 -0.8783233375610161 0.38065817933637131 -0.28921871516206982 1.3921158061631047
-0.5076605859753921 -0.64619225367227329 0.56983883751554876 -2.6146453261157467 0.021435529975876753 0.65172768901418121 0.75815007579429039 -0.27889113222250422 -0.86129045478385335 0.39709770921799992 -0.3170049870775567 1.4471068317876163
-0.5349756867156682 -0.63393665432413904 0.55850275999982102 -2.6576186231202756 0.013300079628866181 0.65465266336012118 0.75581280634649606 -0.31876588443949611 -0.84476276107849757 0.41176960628465165 -0.34179185015915475 1.493948746207004
-0.56091904793098735 -0.62215560150039251 0.54616135819909639 -2.7023075349678645 0.0051637598995741378 0.65707608975005538 0.75380657191515454 -0.36409060374591057 -0.8278545507828633 0.42564471076293442 -0.36535383253449466 1.5409654722503285
-0.58597208574169313 -0.61117024145715915 0.5320786132600418 -2.7411177494957699 -0.0042647418855015226 0.65893555240297919 0.75218731028649433 -0.41472185384288174 -0.81032001499912476 0.43849158912866082 -0.38872432333884366 1.59989266465529
-0.60884320083147747 -0.60025153896184802 0.51865985652951374 -2.7909504866534318 -0.01394891906661011 0.66180762841119523 0.7495439217508354 -0.46795712191199729 -0.79316794215232644 0.44911997612072663 -0.41130993495314894 1.6653752118616039
-0.62903882999088334 -0.59057216472023766 0.5055043705264628 -2.8503188649058533 -0.021661970285739282 0.66333581150953425 0.74800826212838578 -0.52103006519518291 -0.77707201043857099 0.45957602137909731 -0.43005693944676582 1.7214530246282547
-0.64785124464626798 -0.58000113095388173 0.49384962579969771 -2.9192584970638675 -0.030966940485867345 0.66781110200344351 0.74368634560403934 -0.55508777005304377 -0.76113718435458666 0.4665051126549038 -0.45060311412551168 1.7974301827650314
-0.66631448660599912 -0.56905606950793763 0.48187155414608412 -2.9962464825485728 -0.038113654855054364 0.67137170701838611 0.74014010857999568 -0.58799566377244616 -0.74469614894436986 0.47480019036579535 -0.46903350091014895 1.8763037364026258
-0.68210015752192543 -0.5599168237460328 0.47035361760564787 -3.0765183650766343 -0.04461915467959917 0.67388015098808751 0.73749215123955725 -0.62939710646936808 -0.72989622970956913 0.48205673171362984 -0.48463677250630771 1.9497079713256953
-0.69524762184282707 -0.55244493094085623 0.45982098973366481 -3.1597976482074968 -0.049612432856259034 0.6750911740252723 0.73606420457678967 -0.67139855747636479 -0.71705603046622346 0.48893404977658489 -0.49676367031123686 2.0094605816779376
-0.70816661341160003 -0.54440623355111484 0.44957969318001401 -3.2540877960109063 -0.055004294815939998 0.6773615533465569 0.7335910670119562 -0.71585189860750242 -0.7038995490842056 0.49477588756792551 -0.50962951825853353 2.0855803282212846
-0.72032133707872281 -0.53561543273030732 0.44074173794893573 -3.357407150127997 -0.060557391029865251 0.68153742301620446 0.72927329816748887 -0.74582149752022453 -0.69099202147403893 0.49862094746365909 -0.52336142101769934 2.1764638428186314
-0.73034054852028962 -0.52894832068339614 0.432222578347429 -3.4569448227347439 -0.06431324430695759 0.68318828708242407 0.72740468172819517 -0.78914191813018664 -0.68004888779689809 0.50345549797335476 -0.53297849090428095 2.2455727465425834
-0.7393812184634182 -0.52209167614766683 0.4251302100308475 -3.5673972876690958 -0.069447467417614969 0.68719560260979506 0.72314538857897714 -0.82500938604916385 -0.66969579889143116 0.50515590212436456 -0.54435746664860651 2.3391351906583995
-0.7488224922236465 -0.51479573757586972 0.41743289725857186 -3.6708237180733918 -0.076880481508532952 0.69304725393073208 0.71678092565447626 -0.8500045546410937 -0.65829648844801314 0.50464923698821518 -0.55854711610053887 2.4653394369392396
-0.75573451445591411 -0.51025042322150871 0.41049951189052275 -3.7810745025359886 -0.082331404687907145 0.69588819968693383 0.71341513394278 -0.9008143495797245 -0.64968214032879357 0.50535543841809971 -0.56791636479243102 2.5642191874761413
-0.76263224910890648 -0.50460028672445834 0.40468580807422344 -3.8972036625403814 -0.087534307917316451 0.70039860719341462 0.7083639855180115 -0.94412929655745503 -0.6408820465237961 0.50479732732961202 -0.57831640194996448 2.6720988936169783
-0.76784491695218526 -0.49975144721599174 0.40082748722638256 -4.0287156239146222 -0.090194153435120966 0.70376982992986814 0.70467938891853976 -0.99636026667251254 -0.6342548369518487 0.50493219097816155 -0.58546074532557613 2.7604851467100473
-0.77199536247298572 -0.49600925521739392 0.3974895961643421 -4.1621720058306462 -0.09297157511597523 0.7067383993192754 0.70133951916891402 -1.0653230603111761 -0.62879205349675038 0.50447562246982269 -0.59171352848572489 2.8525992790232424
-0.7771649523212032 -0.49141318381111593 0.39310013948128592 -4.2842511968767409 -0.099221455011629003 0.71253945971289878 0.6945808960930514 -1.1165038021938258 -0.62142557056252457 0.50079996119076653 -0.60251942634438704 2.9867046496844876
-0.78113350293297046 -0.48771812941015574 0.38982236575179635 -4.4173396211786198 -0.10250083449183812 0.71605197423160805 0.69048037562807951 -1.1975966273574619 -0.61589287179195829 0.49940023672769257 -0.60932370217494436 3.0909538694959307
-0.78464068478446913 -0.48396847470568771 0.3874448493295673 -4.5568952243244292 -0.10780938732261566 0.72195804437318112 0.68348644329640829 -1.2599955040377169 -0.61050481716861438 0.49452107908147064 -0.61865399906411023 3.2187530726502676
-0.78834593202088621 -0.47906544362067421 0.38601423833149928 -4.6725257488942935 -0.11207227448809602 0.72875379194526035 0.67554253457237567 -1.3112573649526147 -0.60493842393849118 0.48929971536260997 -0.6282000412200589 3.3437572295151741
-0.79105161961573367 -0.47692576256247893 0.38311767396913837 -4.7985617525655808 -0.11684043378757156 0.73252508077115397 0.67063799405755908 -1.4115229633782957 -0.60048784178837211 0.48574563615683924 -0.63518936453543584 3.4548352013681587
-0.79520137553747994 -0.47225069128679031 0.3803078449393979 -4.9240607970085604 -0.12168503730689052 0.73874592909378844 0.66290814140646681 -1.5082301142526957 -0.59400970029025701 0.4808676916018626 -0.64491762197553226 3.5953765655387899
-0.79774964099261148 -0.46926943176110125 0.37865777518859062 -5.0603273042828087 -0.12548368634659327 0.74341857019866053 0.65694952161079245 -1.6321978836526305 -0.58978755052733178 0.47656587152081342 -0.65194755567037599 3.7191163536382832
-0.8007647499701771 -0.46356818489634516 0.37931563790214029 -5.190365270693551 -0.12668820280473156 0.75002211255353046 0.64916633457908646 -1.7365147209703939 -0.58542797548059367 0.47177470113672609 -0.65931988965300148 3.8265163616978262
-0.80466581605161824 -0.45730877285689847 0.37865764318986139 -5.3019645784355429 -0.13042797278468238 0.75833506555244379 0.63868338969230198 -1.8322198542936989 -0.5792248858545882 0.46453914218469083 -0.66985216054369057 3.9577513530435371
-0.80762957291445348 -0.45236735723433597 0.37828328943113643 -5.3874358884135507 -0.13534383411218814 0.76656833280936898 0.62773803270287587 -1.9221672491974926 -0.57394818539815129 0.455781488481802 -0.68032838779186855 4.0843987501408385
-0.81083941661793313 -0.44628502905279177 0.37864114053023801 -5.4758763975149654 -0.13856421171415018 0.77494169034089433 0.61665657849700561 -2.0127198785873484 -0.56862940452523791 0.44754334920200328 -0.6901924013594527 4.2061999262837961
-0.81415856118957497 -0.44131994933523905 0.37733610953692714 -5.5472263015635415 -0.14294566744947865 0.78219925589562522 0.60640816306655465 -2.1220642045875016 -0.56277204390334168 0.43977383550533339 -0.69991899546003467 4.3229436990691585
-0.81722247734298936 -0.43576339160144051 0.37717063653656407 -5.6217134520759355 -0.14666889174700848 0.79014914559568816 0.59510718690678599 -2.2288989302902649 -0.5573469823360413 0.43101577030824945 -0.70964057594425578 4.4380323287078252
-0.82221933211170262 -0.42925189282334891 0.37376220034851082 -5.6545685297257053 -0.15166520821461588 0.79817013266418413 0.58302839033794585 -2.299954360619004 -0.54859186515934177 0.4226904917672164 -0.72137349109222582 4.5685776798986435
-0.82635878298007304 -0.42378103037590475 0.37086493509798246 -5.6889571108760606 -0.15716119689710115 0.80594253762441537 0.57075124549788636 -2.3870180866825987 -0.54076937781420753 0.41335972752682915 -0.73259962849934768 4.686442768946419
-0.83091031068322596 -0.41724386638033018 0.36809728546717035 -5.7126124289581863 -0.16189634875432807 0.81423769139131041 0.55750027280510495 -2.4498414578846441 -0.53233225325948763 0.40363911837895811 -0.74410875163106049 4.8171536433942688
-0.83426227351099214 -0.41181513140648562 0.36662618092674693 -5.7362818540085767 -0.16522793173747322 0.82110723278720221 0.54633565034537213 -2.5270785795753872 -0.52602869652712847 0.39521033616190093 -0.7530621492418601 4.896700022217523
-0.83969353654900358 -0.40405046939010325 0.36284705161192521 -5.7503325214934264 -0.17060573296270284 0.83059430453299077 0.53010073114231471 -2.5674832898045703 -0.51556614372754195 0.38321837046649398 -0.76637799549498986 5.0317655435945152
-0.8435594816623998 -0.39884415357288383 0.35962583619394717 -5.7652296057760761 -0.17683999575016349 0.83859984529325071 0.51524549039969147 -2.6308614445722247 -0.50708482209641015 0.37104398746626549 -0.77794044924054961 5.1424278557935299
-0.84898298410105844 -0.39061566190233649 0.35587539586695721 -5.7932584782780374 -0.17992265252249401 0.84691477607369181 0.50036306935795982 -2.66953747243199 -0.49684578272954449 0.36076968656560976 -0.78929683987662069 5.2426069373354691
-0.85419230136373903 -0.38382621431871122 0.35076053012374231 -5.8112630207882159 -0.18587850817049725 0.855431929187355 0.48341017234550504 -2.7025691400829395 -0.48559725338106297 0.34772640355395418 -0.80204841236686109 5.3447200989730668
-0.8587514079553521 -0.37786419465909271 0.34607032483201666 -5.8280164134469556 -0.18985007432330492 0.86197323764161049 0.47006285416854132 -2.7301060754352293 -0.47592328017668767 0.33796566095429725 -0.81195827688471112 5.401743468678605
-0.86389679972071576 -0.3730323806857917 0.33842157495082575 -5.8370037230909606 -0.19676755723124853 0.86847757044336593 0.45500465718279803 -2.7681682873248037 -0.46364301769093247 0.32648668058081443 -0.82367566405094694 5.4774883955266036
-0.86895353974987943 -0.36815265811349757 0.33073156196547487 -5.8578741343577878 -0.20367124648844526 0.87510047704405114 0.43899564739427305 -2.7864559804839373 -0.45104076213796862 0.31410631225946439 -0.83540376794024707 5.5377602725115604
-0.87552463778100509 -0.35975218986740981 0.32254452487066848 -5.9116951244382818 -0.20830876724319469 0.883371907575489 0.41983512287094593 -2.7817331195830817 -0.43596337704910809 0.30038714152247736 -0.84835340459026587 5.6106813538143259
-0.88172650839161359 -0.35361882749203699 0.31226925760101959 -5.9241576439577592 -0.21593735198964117 0.89103028242623483 0.39929449760186547 -2.7544288961599874 -0.41943941685926078 0.2846379465963409 -0.86200453301718982 5.6805783259431344
-0.88758061602271787 -0.34927867841070132 0.30034156367111026 -5.9527945238548048 -0.22299066315558699 0.89628634823444842 0.38333529202773481 -2.758478033156448 -0.40308288751343097 0.27326761018501833 -0.87341227322359305 5.6842574736887626
-0.89249338255429067 -0.34571579775646005 0.28971736102349022 -5.9888059310830188 -0.23091159221681368 0.90194259391283249 0.36493752049588868 -2.7494942666312441 -0.387473094132608 0.25880522496156383 -0.88480758182550545 5.6949757590887371
-0.89836348728226045 -0.33935201570711382 0.27889649362008478 -6.0678516932664488 -0.23546024439890706 0.90804471738692427 0.34642930668941335 -2.773334419257242 -0.37081197125452436 0.2455504035044932 -0.89565812747561058 5.7180101590058241
-0.90387638091853173 -0.33637809740729563 0.26430524701993297 -6.0877675380312803 -0.24378358239274014 0.91271460684194861 0.32790488165489273 -2.774553580888024 -0.35153527984169958 0.23195219775202619 -0.90698463326818546 5.7291292903655622
-0.9111521930830051 -0.33243402170725456 0.243493947053255 -6.056319530341189 -0.25178848066249615 0.91691159010000933 0.30963800953039405 -2.7970064251572246 -0.32619663095394574 0.22081838046642127 -0.91914906342904157 5.7418465563266956
-0.9164593013399277 -0.33018575337005696 0.22600822387466848 -6.0440927324786573 -0.26092050257656779 0.92138068751520497 0.2880592300364625 -2.7905519573808086 -0.30335266658252036 0.20502438134391757 -0.93056013386122471 5.7518873802031507
-0.92113011031218028 -0.32623768679106696 0.21234003766008619 -6.0721341009387046 -0.26712302619655054 0.92656846554139471 0.26479457611488627 -2.7404411196325618 -0.28313355285424957 0.18718934366432019 -0.9406357110309248 5.7477349745523698
-0.92672483710658604 -0.32495538162945786 0.18864007061021656 -6.0004715308563865 -0.27756301994180332 0.93044476458656555 0.2392306627801643 -2.6698722883898403 -0.25325845741171243 0.1693414893152414 -0.95246186996957438 5.7790433244786108
-0.93100979259616623 -0.32028940777507636 0.17502988703971625 -6.1221824027894636 -0.27848129179347125 0.93332348500713547 0.22661739221687116 -2.8106300315290604 -0.2359426544969872 0.16224046228122735 -0.9581279122265931 5.7375339901491209
-0.93484981982730764 -0.31858927590920888 0.15670573583789407 -6.1770410539655431 -0.28495963970571031 0.93655885871945865 0.20409681009975852 -2.7682014004347519 -0.21178720005619239 0.14614505612490303 -0.96632696560874631 5.7460808942693946
-0.93792147106878831 -0.3170996640792032 0.14053866780718002 -6.2742819904316196 -0.28973719128646408 0.93903318524463475 0.1851189806441976 -2.7879502465848893 -0.19067163945797347 0.13290778777096665 -0.97261495251524721 5.7352339566100445
-0.94197019634139345 -0.3145243765532072 0.11733100936398802 -6.3056135257356773 -0.29488878459367585 0.94229312674173149 0.15850636585372807 -2.6827408933514012 -0.16041431957721408 0.11470867381810144 -0.98036175273491333 5.7676437813388617
-0.94612117097625814 -0.31122814794151987 0.089396698817157408 -6.3153426860131372 -0.29861482008052265 0.94536144297322178 0.13084697691526928 -2.5648859451391743 -0.12523545447991649 0.097101915884699852 -0.9873638128231812 5.788065114859446
-0.94729590390188234 -0.31212061148698278 0.072188602533283394 -6.4159184984779891 -0.30423894531505424 0.94707034801651813 0.1024520378589646 -2.5072056258483286 -0.10034507762865039 0.075089811511703922 -0.99211510703286754 5.8097760705119708
-0.94880660282786344 -0.31200210770531323 0.049200764401504601 -6.449381159008948 -0.30803388666441778 0.94846503045923347 0.074358662322407815 -2.413821602450378 -0.06986526387742957 0.055396487103492181 -0.99601710533500931 5.8029708091728596
-0.94903791525810921 -0.31407058293542661 0.026205044116471853 -6.5169000629524572 -0.31264645830956422 0.94868740877934565 0.047375020105712318 -2.3107760376026145 -0.039739495580982748 0.03676777608357535 -0.99853337607354942 5.8599665067339961
-0.94771960782128639 -0.31903477729451979 0.0066600170950263304 -6.6577842175285857 -0.31885203999071093 0.94759387594654465 0.01998056211338646 -2.2233576645015507 -0.012685485597009809 0.016812410453025284 -0.99977818605425184 5.7820616372498472
-0.94684580255117612 -0.32145888943349749 -0.012132954932898508 -6.7476647081413912 -0.32147360273566783 0.94691822711310591 -0.00077065240051785221 -2.1819466310400375 0.011736649239513199 0.0031707357434520387 -0.99992609601883886 5.778025223998581
-0.94318295175211242 -0.33123803291337228 -0.026216122441233315 -6.9449050449171486 -0.33037610119417044 0.94329306114362454 -0.032401119703332176 -1.9849479638792398 0.035461969543629498 -0.021899003401298689 -0.99913106365787585 5.7898350053660783
-0.9398988131746423 -0.33904464411943586 -0.0404839509784393 -7.1436972568149839 -0.33662081317437609 0.93993774669686536 -0.056599120772687014 -1.9224445537555084 0.057242022419909236 -0.039569705942102934 -0.99757585638433288 5.7177626096386902
-0.93491429566972584 -0.35199369196375846 -0.045118738569529693 -7.3247444054865785 -0.34786215215770355 0.93415383384556316 -0.079677712114785276 -1.881809089819072 0.070193894667510581 -0.058796730600932198 -0.995799056849348 5.6275960703249002
-0.93148181683615983 -0.36003280555474815 -0.052134478303567329 -7.5640920902139399 -0.35443152672769029 0.93045032599932875 -0.09295420221389325 -1.9825815968432627 0.081975104544530511 -0.068107046420468026 -0.99430453708247546 5.3901077017511909
-0.92772255642368306 -0.36549778477772915 -0.07577748758886127 -7.6069754767253208 -0.3570220763775776 0.92810597275972129 -0.1056150571972312 -2.0357176786405917 0.10893160827670895 -0.070927234898197439 -0.991515623713488 5.2206776837424176
-0.92368047720057755 -0.37367392183079468 -0.084747720807750657 -7.8118232865669519 -0.36282095232780559 0.92408863363848126 -0.12008810820438934 -2.1022915730429075 0.12318819988318476 -0.080174792321265717 -0.98913935827353727 5.0683143596913984
-0.9168091700781954 -0.39234274538236585 -0.074351299964149381 -8.2334455477829032 -0.38093127285241923 0.91514353841356011 -0.1319229679128868 -2.2047185541550718 0.11980113114477141 -0.092625451392890662 -0.98846760934827682 4.9030677676942549
-0.91207348486534123 -0.40326337124018141 -0.074166108308290027 -8.473224140391487 -0.39361600458217405 0.91178781261101971 -0.11708725682489059 -2.5490488653142633 0.11484075558075806 -0.077599215137883204 -0.99034840468777774 4.7326372698541928
-0.90373110451034355 -0.41930000340721385 -0.08635738464790306 -8.6018926848537092 -0.41036979002664015 0.90594563291392527 -0.10420722449848946 -2.7769049636378202 0.12192918507890876 -0.058736848288767393 -0.99079930181601217 4.5952217753218951
-0.89885280077825813 -0.42329152794339492 -0.11352499682637297 -8.5112830599571208 -0.41615713413568378 0.90561483154636913 -0.081700774728370049 -2.958744316294581 0.1373931666461487 -0.026192732858322923 -0.99017021693462248 4.5194159389722524
-0.89777855267299689 -0.41721972743701297 -0.1411430812961264 -8.4802377359200403 -0.41255916790642577 0.90880258139564452 -0.062231832890977279 -3.0350556791137966 0.1542355449847343 0.0023594673122295986 -0.98803128977642518 4.4946246897092292
-0.89468242197418413 -0.41135588462315703 -0.17415424197046839 -8.3351347366111206 -0.40354030084432613 0.91147411419103908 -0.079813311885494384 -2.7346431862545577 0.19156875894800612 -0.0011293119854166582 -0.98147854548612601 4.3303225790032309
-0.88901013154910213 -0.41515577312295587 -0.19314934648020551 -8.4199006696807093 -0.40851499779428369 0.90966775714906434 -0.074967113993586201 -2.7505447669238889 0.20682476297626018 0.012257880978033908 -0.97830121219067478 4.1447183623470858
-0.88279760297461651 -0.4228786676401512 -0.20455323179349277 -8.5531688378966528 -0.42061371055458607 0.90546970121381687 -0.056645623637346418 -2.8952186962281377 0.20917097952578109 0.036031273064541645 -0.97721504730820363 4.0477574302299537
-0.87784041302159854 -0.42924514018592258 -0.2124731015748538 -8.6634206040247399 -0.42849381868456826 0.9020467633881073 -0.052006576604851175 -2.8400528286732842 0.21398424384796869 0.045389935974921282 -0.97578199260747112 3.9429454644775208
-0.87316301859417811 -0.43386043229659721 -0.22215190354105485 -8.8082399005714827 -0.43157573699773977 0.89998694389575506 -0.061366799265049704 -2.5993777537088665 0.2265584388063315 0.042292151808447739 -0.9730789524499287 3.8146794384373575
-0.87182785517425909 -0.43667277172256791 -0.22188528878315025 -9.0827610893079829 -0.43354565628934078 0.89876285787026522 -0.065295399727072531 -2.424906482683542 0.22793497944566701 0.039271054849641232 -0.97288407808746713 3.7566579464950438
-0.86721181076105425 -0.44403154421118524 -0.22534343350087635 -9.3247905382634961 -0.4366318170047146 0.89565997262827379 -0.084533246777117904 -2.0768461168082264 0.23936652158498506 0.025083882812473254 -0.97060520664550098 3.6216691501716185
-0.86843510235139021 -0.44365784888609638 -0.22133274978116815 -9.6560043164463067 -0.43779973830029961 0.89571205611717009 -0.077661455501044044 -2.0355470443321639 0.23270552668151387 0.029455485874674045 -0.97210108126869599 3.5306103784956888
-0.87138570152661177 -0.44191587184607467 -0.21306647175353552 -9.9994970776908314 -0.43707809017300198 0.89654044898081009 -0.07195808802357434 -1.9920303117992637 0.2228221314539863 0.030423437540999219 -0.97438427336574629 3.4471363413634926
-0.87075497770543175 -0.43197916118669472 -0.23490375284710557 -9.9996618391461336 -0.42833730826208477 0.90097503724210182 -0.069073385738538398 -1.8793076332134864 0.24148068070138934 0.040472046736391577 -0.96956128959491927 3.2633680127590918
-0.86692550812131985 -0.43228551664463977 -0.24813181067301479 -9.9854808081423041 -0.42328146142571837 0.90136945432595938 -0.091465355306969226 -1.505589844143991 0.26319758316120634 0.025735945822892018 -0.96439861743508437 3.0233866879263802
-0.86798436015168834 -0.41956505755964379 -0.26564697063403026 -9.931264993161756 -0.41043615590835858 0.90725198260660345 -0.091847710801938709 -1.3641246669598548 0.27954483085049903 0.029308744963913894 -0.95968520099739307 2.8915511825623739
-0.86867562863962466 -0.40069152189065638 -0.29128844208533827 -9.7771476924963761 -0.39329733730433675 0.91535561149150835 -0.086263022091306804 -1.2372646566668943 0.3011973716300867 0.039628383716172291 -0.95273801988121198 2.7098967997244769
