0.99990728650378691 -0.00057908884336327782 0.01360452324579023 0.18876397894534858 0.00059033349874836906 0.99999948746969824 -0.00082253674758745246 0.030852263118127454 -0.013604039951206043 0.00083049169313631076 0.99990711587654657 -0.10828241653420909
0.99988174032472432 -0.004329030408733084 0.014756858097878424 0.35350057077697139 0.0043468584801557766 0.99998986056505113 -0.0011762603636526368 0.031749850494758994 -0.014751616404792851 0.0012402672332472097 0.99989041977140469 -0.19959281414013749
0.99982169017984679 -0.0062173494782637277 0.017830659308607267 0.49873712890594624 0.0062213108749152955 0.99998063356246947 -0.00016670632796988039 0.026769561016906661 -0.017829277520756415 0.00027760667725806968 0.99984100725946456 -0.28275292532033686
0.99977310189784474 -0.010862938349782988 0.018323244580876915 0.68655318253776554 0.010829885809377963 0.99993954591849432 0.0019021255666540682 -0.0078212053737245144 -0.018342799538719683 -0.001703255331504733 0.99983030591513777 -0.4054390586444151
0.99968091984009433 -0.011109604374133813 0.022685572470473467 0.82553937171063752 0.011031985584200358 0.99993286614755417 0.0035437962705852141 -0.013229431292550489 -0.022723419675147322 -0.0032923986070409268 0.99973636840403057 -0.49397602053984929
0.9995623925586864 -0.014366125155734539 0.025858032221425235 0.98434878921090174 0.014215461711852255 0.99988094726985477 0.0060009945056502118 -0.029796742452930305 -0.025941164790220135 -0.0056307845588117449 0.99964761302900074 -0.58059564597755953
0.9994317805624473 -0.01900797584957159 0.027835460403563574 1.1686536469782938 0.018860370207543518 0.99980669111486753 0.0055557931543871158 -0.037701518761596581 -0.027935683943849616 -0.0050276491566171424 0.99959707898059968 -0.69512335777338485
0.99924999872380205 -0.021754537700016594 0.032034046574545026 1.3334381246682994 0.021546242146795305 0.99974450035997064 0.0068332605207372171 -0.043326977924759758 -0.032174516310788964 -0.006137922242189205 0.99946341924590498 -0.80898897206763809
0.99904963027698568 -0.025164096979650719 0.035589386994116526 1.5009575075070858 0.024999811264921845 0.99967468181015517 0.0050537099722274166 -0.040655100775347411 -0.035704981167010069 -0.0041591791213937386 0.99935371893484226 -0.94107251214004339
0.9989093343854295 -0.028120520307393621 0.037274361366758629 1.6877810832694973 0.027823853138983182 0.99957709124723471 0.0084541025672596193 -0.051090244815294172 -0.037496331476006305 -0.0074077656117693767 0.9992693081119236 -1.045506042605711
0.99882359796201736 -0.030774615152632308 0.037474567594805025 1.8818800724555707 0.030428605654052632 0.99948920358276938 0.0097689241696068876 -0.063519608766173005 -0.037756060601715234 -0.0086171331479064032 0.99924983107536769 -1.1878994242982619
0.99849552331384039 -0.031102334572133468 0.045158993637847193 2.0135281585088127 0.030837570406116111 0.99950296068193401 0.0065479645307541037 -0.028115119232011127 -0.045340204826046872 -0.0051455196249993217 0.99895835221200335 -1.3103982117952109
0.998341926307445 -0.036222569986526794 0.044736155403779523 2.2329251679896918 0.035904672070541037 0.99932407655708766 0.0078895206971561389 -0.024723169869673746 -0.044991695903209228 -0.0062702023009718506 0.99896768309233008 -1.4432333165672824
0.99823954868217946 -0.039818392618907461 0.043957923700343161 2.4423253750324228 0.039386288733961099 0.9991672702525829 0.010652995624094335 -0.036182679802417329 -0.044345503791970893 -0.008902902068902015 0.99897658362355413 -1.5674228556828393
0.99802407780046731 -0.043720361052795115 0.045127266258216184 2.6353009001256096 0.042912829562073575 0.99890358769917342 0.01871126774690033 -0.098275923615006852 -0.045895851550038003 -0.016737757052036683 0.99880599632729672 -1.6812649344320121
0.9978203039742185 -0.043873416802125413 0.049292639155407235 2.7689177458020264 0.043051223648037325 0.99891747741858317 0.01762002979853132 -0.089694929894475708 -0.050012329671840709 -0.015459515057123872 0.99862894524192203 -1.812621577056182
0.99765862707891706 -0.047033886694552614 0.04964954498698082 2.9406375681636958 0.045947766103413432 0.99868371526862454 0.022795605878391492 -0.11967254015643311 -0.050656357993012657 -0.020460947183865447 0.99850652628574377 -1.9100757542859974
0.99730809729998537 -0.051024792889945464 0.05265956295319061 3.0846248925531925 0.049780291740619917 0.99845519645415526 0.02468082713186491 -0.11958385667086718 -0.05383754836637384 -0.021992980339926679 0.99830748129104285 -2.0110112973822729
0.99709434922282714 -0.054062030967424755 0.053667080744009575 3.2336146238239158 0.052869740447125384 0.99832735791872562 0.023393951698469296 -0.098891689174394254 -0.054842039467551083 -0.020488612415044787 0.99828481280060832 -2.1259968916511953
0.99676964534963985 -0.060152029148425629 0.053216609238846892 3.3988415316025256 0.058484756351053116 0.99776392186354801 0.032352581072142214 -0.14518636190136047 -0.055043686142110096 -0.029135710336261507 0.99805876730736165 -2.1911390366045804
0.99651738910031351 -0.064194252996248036 0.053218334274459239 3.5359243860090697 0.062681998917003254 0.99759404201192892 0.029615778802364965 -0.12298850619704375 -0.054991455995119704 -0.026176806996948774 0.99814363422454455 -2.3179349304852188
0.996213700749082 -0.068550267311524721 0.053470770438970444 3.6653877513157611 0.066671330571355908 0.99711927631368857 0.036167422959219125 -0.15729960918271194 -0.055796022435865025 -0.032465514860919316 0.99791422187738754 -2.3917681066271594
0.99588037997425161 -0.071794433130592542 0.055387978423094439 3.768705128742067 0.069575995237970492 0.9967339964522236 0.040994160596659682 -0.18134735953867809 -0.058150233610762103 -0.036971606508720903 0.99762300025770156 -2.4619371962162582
0.99558057027131619 -0.074675526160083536 0.056946412450263578 3.8630865623215032 0.072689391325821417 0.996697878323071 0.036188281735534414 -0.14246299350047939 -0.059460747446718594 -0.03188895010820357 0.99772116063260585 -2.566048094633345
0.99530130825354135 -0.079288338299737846 0.055575760889576865 3.9810729190173575 0.077267941383438912 0.99630077156566677 0.037609012377655564 -0.13241696922007504 -0.058352129551153015 -0.033138074586848372 0.99774590802945518 -2.6408370621288113
0.9952421636817973 -0.080836183648455795 0.054392527456698113 4.0833088451432866 0.078966365991504125 0.99623808827343441 0.035692919681479467 -0.11253148221989437 -0.057073186980142881 -0.031227918381567677 0.99788149017881067 -2.7158803568075793
0.99511234990523001 -0.084725544838200606 0.050724679574750471 4.2009815749507808 0.082860596562004729 0.99584370198856298 0.037807972004628813 -0.11298349388567164 -0.053717153717222771 -0.033420102656696968 0.99799677561349676 -2.770339881435036
0.9951830312279133 -0.081971620224560476 0.053771626661118267 4.2408533134776984 0.080094426769001942 0.99613023080443019 0.036186269192299635 -0.09598738548221955 -0.056529789992244291 -0.031705153449762956 0.99789737252292621 -2.8337931891747972
0.9950242523214351 -0.083268016546129267 0.05470991420796241 4.3067220901677787 0.081263623323165529 0.9959719158244662 0.037896786319332965 -0.10597241260414035 -0.057645128298579838 -0.033262295612540911 0.9977828716078585 -2.8848884354341555
0.99506693819401126 -0.083315191392408144 0.053855059153640375 4.3719828472821733 0.081248803238024289 0.99591136541740632 0.039486506617150002 -0.10699616314251637 -0.056924691352562611 -0.034916058134958732 0.99776773269069574 -2.9221090250048829
0.99520227620742785 -0.082856613580995678 0.052030866007054921 4.4387575777642425 0.080957040143376624 0.99600753599541292 0.037615766529076632 -0.092243464933738667 -0.054939849679246915 -0.033223031562996441 0.99793679313420747 -2.9698155854120016
0.99557350382954091 -0.079131756104627735 0.050710587142812971 4.4855705952186975 0.077275441965927158 0.99630129591337624 0.037579699710053129 -0.097354968389737687 -0.053496771318853838 -0.033494670279387039 0.99800611346891732 -3.0013707853927083
0.99571097442473944 -0.076288134402728275 0.052342869232466227 4.5078296361087258 0.074264603818017888 0.99645301017073862 0.039574829644948142 -0.11659312084787539 -0.055176299530583187 -0.035517869742216962 0.99784470580300533 -3.0138917547154835
0.996209289821684 -0.070311516865627713 0.051218565667447244 4.5283834997402534 0.068660505268916996 0.99708374176003101 0.033312864392495721 -0.085723457626392371 -0.053411477129855493 -0.029669892380498091 0.9981317105457258 -3.0506232747971285
0.9967379508852805 -0.065490914180977897 0.04716351794291751 4.5818917197205939 0.063993294007335902 0.99741789897019761 0.032594372765360168 -0.087697739124866919 -0.04917637224422701 -0.029469899450394705 0.99835525212184906 -3.0520021697844553
0.99731929356312654 -0.057900598525672413 0.044740891554764906 4.604845314156834 0.056654809344748078 0.99798326829886552 0.028629159499099097 -0.080778872891672321 -0.046308306650714164 -0.026017626445998331 0.99858831549806348 -3.0693172648814295
0.99779617157657863 -0.050205720900149867 0.043384162732720562 4.6143119994777431 0.049235650244087659 0.99851893340069731 0.023147146376510601 -0.068255388401750799 -0.044482027068972425 -0.020960086574964138 0.99879028030843653 -3.0909347961984337
0.99829363012578265 -0.040645735202180455 0.041925556169970131 4.621024096224728 0.039803504876781241 0.99899242713401548 0.020731896401748544 -0.081055741219487054 -0.042725976288566468 -0.01902773603882003 0.99890561927112309 -3.0892570185359389
0.99874331250079795 -0.025538694402965047 0.043122741368394731 4.5872219716128626 0.025008900761562536 0.9996055238845627 0.012780903808700719 -0.064319383878118794 -0.043432138073456819 -0.011686389847207108 0.99898802679246723 -3.1019126397785022
0.99905143361074911 -0.012119573090358677 0.041825219048016088 4.5801783143134251 0.011703652981029511 0.99987974148201875 0.010174825833941459 -0.08979735905745502 -0.041943503754535254 -0.0096756664865453746 0.99907313244368379 -3.0966182857099427
0.99934164334820685 0.0011970877252377736 0.036260817021729737 4.6256532149540535 -0.0013312140839846873 0.99999236103335643 0.0036750161898753439 -0.08365193696281796 -0.036256140709787089 -0.0037208676288374102 0.9993356029907674 -3.1096992890775184
0.9992252013866092 0.018559298137324039 0.034706618483224795 4.6252672558943049 -0.018383932696238749 0.99981660636581349 -0.0053651331547512329 -0.073114341043508613 -0.034799826616096305 0.0047229321187126343 0.99938314273340212 -3.1112624507326316
0.99901453280997188 0.034978442309460442 0.027321636262812098 4.6839929843386372 -0.034556105971168226 0.999278169401973 -0.015780231200811585 -0.06036333846544456 -0.027853882576456972 0.014820550942708679 0.99950213231146812 -3.1312224695962896
0.99839951304185159 0.052398154153404992 0.02128017385055065 4.7403186158069417 -0.051790833626774439 0.99826105648190733 -0.028152667082710747 -0.026171452403247281 -0.022718316619798718 0.027005491162765068 0.99937709676428965 -3.1669878679168075
0.99711105206014894 0.073964768405866341 0.017284759013928234 4.7613741028287304 -0.07331693232606612 0.9966762616634679 -0.035511362559460975 -0.04951493433665298 -0.019853898705243206 0.034141506574856983 0.99921978575036285 -3.1882252417431278
0.99530607035785801 0.095855634093479525 0.013323802810595501 4.7764673646076652 -0.095131354792402395 0.99434541702803847 -0.047193399651840648 -0.044031734318580949 -0.017772215510755116 0.04570436574194265 0.99879690593631998 -3.2223956248078891
0.99301754226773187 0.11779464808141916 0.0063703714120962223 4.8182762892094022 -0.1172067806215242 0.9913003573374235 -0.059884656791488189 -0.027195138581959721 -0.013369043529413012 0.058719863982055046 0.99818497596840117 -3.2607244427964721
0.99066595457555962 0.13621880221580082 -0.0050402745746432245 4.9085702671640572 -0.13622293182050801 0.98800487542039317 -0.072730179373893381 -0.019371598141297075 -0.004927402066047146 0.072737913555628031 0.99733891764056493 -3.3041198731864911
0.98761650741915585 0.15628915628847878 -0.013686997472928036 4.9615664262848345 -0.15688634011907443 0.98415464383822726 -0.082621506254087054 -0.035902821960887718 0.00055727661944966853 0.0837456663851181 0.99648700583825067 -3.3342952152853953
0.98410105304495543 0.17625932002309194 -0.02185793907959022 5.0114985710067499 -0.17755890897846632 0.9792780878477062 -0.09740256928704169 -0.023481121705231277 0.0042368901551166974 0.099735042820151776 0.99500501003536457 -3.4001320126036672
0.97983051359134987 0.19718352252906471 -0.032416401378644037 5.07799563665845 -0.19959473771722189 0.97358738705156966 -0.11085819974043661 -0.049070360683416248 0.0097007891897990112 0.11509238991839109 0.99330742294214636 -3.4789550757373484
0.97574155036263543 0.21425710183030988 -0.044970225829950958 5.1525412903830707 -0.21824394602282843 0.96815817024032746 -0.12263497633744541 -0.056754848431650275 0.017262876941729944 0.12947452147885033 0.99143246939341134 -3.5230558776774328
0.97117301499791742 0.23131301174413316 -0.057595707632716563 5.2170447619206861 -0.23722774127564147 0.96154418625962101 -0.13840439530441401 -0.044838950488990476 0.023366080311257927 0.14807791350563293 0.98869962972720193 -3.5797700886012853
0.96610777406196924 0.246342384849602 -0.077144010290090978 5.3479401202631669 -0.2557654039623441 0.95391386969908276 -0.15694708449569986 -0.021894233609848168 0.034926022290063849 0.17135856740277675 0.9845894648759258 -3.6581916515742448
0.96111646592402067 0.25898560475588511 -0.09582064213388071 5.4825861713452708 -0.27217819893224016 0.94704761373571045 -0.17035212162899066 -0.055536072751739038 0.046627963237982968 0.1898085188992448 0.98071329102727689 -3.7451163631329782
0.95716608985078611 0.26592511773648753 -0.11452907140369245 5.6106704195799662 -0.2835331134391898 0.94101598866054359 -0.18465612004127893 -0.044082029470166213 0.058668986894579576 0.20921936058131654 0.97610717092679367 -3.7980605675791383
0.95260840026225335 0.27283849155496281 -0.13452283551800068 5.7593363612024682 -0.29554870768486224 0.93481405311245425 -0.19691025237217447 -0.085751194330122238 0.072029140877831133 0.22733641069894206 0.97114878326388465 -3.9111538132922661
0.94832760297866325 0.27567999778970564 -0.15708372368711748 5.9142895170556917 -0.30462356011007097 0.92955574411317488 -0.20767909189917919 -0.13222377946385686 0.088765106064313037 0.24479921855445053 0.96550199302773143 -3.9885854818922875
0.94109236764973681 0.28572502154163493 -0.18084901884291485 5.9687993169152822 -0.32253460147595081 0.91911585201563939 -0.2262686045926717 -0.1296346275091457 0.10157059811856135 0.27126972304073577 0.95712911927244182 -4.0494509234693838
0.93829740448587651 0.27610223839009468 -0.20824393074240335 6.0946903579209843 -0.32228848739530092 0.91648899583493126 -0.23701909502385726 -0.20962487249626205 0.12541176829754272 0.28950902312269755 0.94892381880898369 -4.1094919876482781
0.93524655616920216 0.2665246736444325 -0.23297741846019351 6.1111636861905838 -0.3235806756449785 0.91054520262058369 -0.25729939823827697 -0.16502795433832726 0.14355983255349181 0.31602536658212887 0.93782649896121217 -4.1408007963153599
0.931882568273666 0.25028435800336224 -0.26258830721591736 6.1955354774927018 -0.32174638533702188 0.90459663858539352 -0.27961435045892685 -0.098561371437811338 0.16755340184620787 0.34505457771032649 0.92350592631066064 -4.1436727568575984
0.93005777904924225 0.23289128591447347 -0.28417279351671565 6.2439034202594126 -0.31735424785791239 0.89896053075580207 -0.30192092592231073 -0.02506661951323964 0.18514537260361022 0.37098734895997421 0.90999427356171902 -4.215678371097991
0.92485060064545555 0.21959025668980678 -0.31053419401515997 6.3575481754763548 -0.31655256829398393 0.89702206764572712 -0.30845726067490642 -0.15639840552825576 0.21082181574074085 0.38357727946724018 0.89912325778187263 -4.3151461976784571
0.91867327131832033 0.20320382414442273 -0.33874419023560876 6.457569784351036 -0.31422262772082665 0.89559138473818223 -0.31492889961222037 -0.26352092764085072 0.23938162167032487 0.39575785202043401 0.88660710676751164 -4.3378612969278061
0.91342615962414531 0.18319274270057209 -0.36344610320668913 6.4635558091511394 -0.31456849706600853 0.88439307498513786 -0.34481233964573377 -0.098862489885300678 0.2582620985896264 0.42928930564384465 0.86545443582658232 -4.346124600271656
0.91220838721638309 0.16057094712134912 -0.37695202510749043 6.3913140889089162 -0.30677610445373982 0.87751367574902761 -0.36858943366518071 0.062043487706952734 0.27159580267057393 0.45187024665713876 0.84973466456167557 -4.390677065424013
0.90646470596387929 0.14039560641648874 -0.3982597274904458 6.4339993088171488 -0.30397828480552647 0.87158758838086203 -0.38461965387525793 0.082122769349878361 0.29311932588710016 0.46970645032762681 0.8327406026561408 -4.4461080005778308
0.89541818265949857 0.11706276965460535 -0.42956092248196148 6.801100242091362 -0.30154304806235083 0.86929144056280205 -0.39166845868606148 -0.072879970192098631 0.3275638385536897 0.48023816937540592 0.81367882628647226 -4.5836320645718027
0.89068237886762713 0.098118106852800216 -0.44391185733468214 6.8197265154492746 -0.29643087176148042 0.86566197061484518 -0.40343288276732187 -0.098893450326386884 0.34469354250033968 0.49091973859160054 0.80011509923242996 -4.6881966317444839
0.89043477738215515 0.07584492511898723 -0.44874653710317036 6.7130263464301168 -0.2898476051147541 0.8546947791963263 -0.43067992781622016 0.14535003246388584 0.35087643556903819 0.51356049473089171 0.78303342534921727 -4.7627319154808125
0.88122215770257717 0.054515176515690475 -0.46954829815842941 6.8413354157927362 -0.2884840172347658 0.84891726895199926 -0.44285036104215864 0.15931674394379056 0.3744655933114624 0.52570673003542767 0.76381146457836857 -4.8108328629329851
0.87783028133481988 0.035222244644366289 -0.47767498432913913 6.9382519745009681 -0.27910557716486989 0.84809028537758446 -0.45038088840850266 0.091907042713165119 0.3892480879427615 0.52867973417786662 0.75431005873084078 -4.9883628236891813
0.8731853168548982 0.019269664389597482 -0.48700727146863371 6.9787431160511586 -0.27672027654621756 0.8421502403351494 -0.46282703167774786 0.12721080557996148 0.40121476914141146 0.53889855514536544 0.74068553130531822 -5.0696711818334927
0.87430379266089997 0.0068036451559961124 -0.48533142135179885 6.9282084282377179 -0.26676254468583038 0.84208376956544906 -0.46875651439439642 0.081251956440536288 0.40550045979197902 0.53930384334532133 0.7380519911642125 -5.2129600990993641
0.87190444681609369 -0.0023751648301925648 -0.48967029133321044 6.9806994538955331 -0.26537592648335218 0.83811416864217214 -0.47659233938906653 0.10504104282552397 0.41153159449236004 0.54548968726573577 0.73012515901132025 -5.2927050978414334
0.87490193405634831 -0.017830317069415295 -0.48397178179896544 6.8660047251169356 -0.2539011173663232 0.83409140957408123 -0.48972006603247825 0.26043584766028371 0.41240856972739287 0.55133800909054553 0.72522104998922909 -5.2843833764982149
0.87658362009443158 -0.020939701190430614 -0.48079380808845362 6.9118914137111709 -0.24967579834696876 0.83429368446464014 -0.49154454913285262 0.23632718934660513 0.41141603359852796 0.55092247819132512 0.72610004153806795 -5.3930988583824719
0.88338758837142395 -0.020214093154460693 -0.46820696187611555 6.9030155901801304 -0.24231468627707783 0.83545345504321489 -0.49325563075427364 0.25558427166574754 0.40113583924371665 0.54918932518239805 0.73313104120610073 -5.5818777720368455
0.88414879101931987 -0.037494982346343075 -0.46569844495974272 7.0298782651296587 -0.22345857432202393 0.84143308431795794 -0.49199251028561081 0.21239504270470752 0.41030132939224506 0.53905889373427074 0.73557346892403674 -5.6124052711841923
0.88867069376630647 -0.053461587439951566 -0.45541877070374692 7.0780298285718777 -0.20169804692258422 0.84636542489768862 -0.49293353041294524 0.26558612597023046 0.41180371041131553 0.52991265903557672 0.74135705155162457 -5.6921629203716044
0.8933177684848248 -0.069017204742090929 -0.44409457321485163 7.164883667195884 -0.17817640140778004 0.85277756985989339 -0.49094153045472577 0.28101091816168222 0.41259730305791698 0.51769396538248647 0.749504118544982 -5.7559742252331114
0.89534669053160554 -0.079074304692936109 -0.43829391747026347 7.359382986016179 -0.16453431272504562 0.85576605599958011 -0.4905027189884073 0.31087092802157285 0.41386321857613573 0.5112843746255622 0.75319686973164557 -5.7695725679124763
0.90245307492494775 -0.091031388755383053 -0.42106024963153771 7.442125521410083 -0.13705097410203571 0.86596580816803559 -0.48095763803225344 0.26943314434913901 0.40840602108219426 0.49174841671849567 0.76901756585832481 -5.8618672889119052
0.90974727278498335 -0.1044290684365979 -0.40181397353221721 7.5360289506091567 -0.10589538073143427 0.87746456181079657 -0.46780563389716823 0.2292125061304145 0.40143002877217543 0.46813514334180378 0.78721243611132008 -5.9900772711646724
0.91580498145014999 -0.11603246325099165 -0.38449668844217338 7.6571178773727988 -0.078583366990757436 0.88708214284859044 -0.45487352777618206 0.19120141904508747 0.39386024219700877 0.44679048704181296 0.80327602373371843 -6.0461343948399469
0.92775737665363545 -0.1278277447887686 -0.35060849637021324 7.6052524395534702 -0.041643387279867029 0.89817636850225924 -0.437658587668462 0.17605068311013275 0.37085317628493275 0.42064150856318411 0.82796657113259431 -6.2081388891359959
0.93958773459135292 -0.14358462164852104 -0.31073838744439097 7.5282229261806526 0.0024873708677835256 0.91061366564665558 -0.41325121285209454 0.086660133680042453 0.34229914109102799 0.38751284928839724 0.85595857939781905 -6.4683127729785763
0.94742889236510774 -0.15222173573388234 -0.28143744790270736 7.633559190010355 0.030839216519984836 0.91893216861949867 -0.39320810291841485 0.052234008657314333 0.31847674426284023 0.36385740702427549 0.87531728574118317 -6.5896008319988404
0.95420291966213688 -0.17122238122832009 -0.24531547907695789 7.6022226418364669 0.068432103559727842 0.92319817578937902 -0.37818272755581206 0.092938485023271622 0.29122814992827223 0.34407560853054775 0.89263550248894374 -6.7365683702079453
0.9585653534824139 -0.17804314510917221 -0.22238053328196064 7.8234106881527872 0.08618415304517292 0.92529711086918909 -0.36932038717219196 0.18851844327268089 0.27152302824442198 0.33485204956333448 0.90230224982331342 -6.7251616132271916
0.96324091246478205 -0.19662216693324744 -0.18304826692566167 7.7838894201382436 0.12198490153006104 0.92722767136348228 -0.35407418609177871 0.18965621473198885 0.23934625201309381 0.3187296172750948 0.91712856389873509 -6.7885064861107418
0.96445971313693268 -0.20299464172839879 -0.1691467917679329 8.1531542736253311 0.1362749593891241 0.93058231082661869 -0.33977300984640174 0.2844924342484928 0.22637711275506192 0.30464690742915718 0.92517223510789193 -6.8339484718603174
0.96447598300118909 -0.20118221947340728 -0.17120687130382287 8.1771921640549881 0.13492672881721629 0.9323360217058958 -0.33547625919028706 0.22511319104786542 0.22711419168465755 0.30045841176005883 0.92636055979194598 -6.8520204681214274
1 0 0 0 0 1 0 0 0 0 1 0
