0.99998267778572403 -0.0031007509261769383 0.0050029463505728471 0.27405741670353689 0.0030861708621216519 0.99999097631988532 0.0029193883284610437 -0.020786042462440549 -0.0050119535016486944 -0.0029038978109389674 0.99998322370907855 -0.14358166288449994
0.99996326038986572 -0.006154265549637359 0.0059668153997053733 0.43820458430690745 0.0061360569727518504 0.99997647652302313 0.003065159934960566 -0.023903148067476964 -0.0059855388476525492 -0.0030284346029410712 0.9999775007011702 -0.23502698200752478
0.99992987907621977 -0.0081338242979352975 0.0086068480239186312 0.5880931157458319 0.0080898640295987284 0.99995411683145985 0.0051301395495467793 -0.036623761604707601 -0.0086481807681800509 -0.0050601515891855213 0.9999498006576607 -0.31223836124027582
0.99987532948887037 -0.011215032399070833 0.01111523854043203 0.7458870945058016 0.01116120948523649 0.99992574254156485 0.0048925254753331565 -0.039034157090736689 -0.011169282982787259 -0.0047678560158532961 0.99992625461414031 -0.40979317687004985
0.99976290606763041 -0.014211618995556057 0.016497319077098671 0.89032024394139186 0.014118102328071272 0.99988367891280439 0.0057712936548060681 -0.036028510219718105 -0.016577419517541384 -0.0055370144772292689 0.99984725365068561 -0.49618831012829867
0.99967883687819026 -0.01736477504391291 0.018457726987444158 1.064698006865034 0.017170888522079736 0.99979625810346606 0.01061144993249059 -0.069907352488416355 -0.018638231816109477 -0.010291106353630957 0.99977332903252991 -0.58952950859256192
0.99962719284536317 -0.02034413527288104 0.018209653596318248 1.2616193797632054 0.020137613345824673 0.99973160783440573 0.011453769055120282 -0.082261406286725527 -0.018437783294996516 -0.011082800044784912 0.99976858306826888 -0.69173329034847553
0.99942889224827902 -0.020787907954303173 0.026641175316815379 1.3785033876590516 0.02038905149582328 0.99967722912101875 0.015156653853102988 -0.10962876400448339 -0.026947651446434816 -0.014604809475153524 0.99953015143201951 -0.78474385449391015
0.99929540076792811 -0.025699415249456414 0.027354013597676752 1.5751383751946451 0.025368788941941885 0.99960167188142479 0.012366168342679527 -0.088405182843476107 -0.027660921020188113 -0.011663516952287133 0.99954931635243427 -0.90734207256903965
0.99911132903012922 -0.0277899873170665 0.031690200513187793 1.7412500587992177 0.027343920436572636 0.99952202209016638 0.014423500682678584 -0.098527447538575536 -0.032075882198423632 -0.013544148614886337 0.99939366308751965 -1.0266547998645739
0.99900044415021438 -0.032036521108106411 0.031173288292452056 1.9475098431073923 0.031644918090745121 0.99941494589436863 0.012975557097336258 -0.083706151594052092 -0.031570741940988779 -0.011976111148701557 0.99942976792521521 -1.1637870121900766
0.99879542665916232 -0.033085819822665667 0.03623567594793916 2.1024648935701609 0.032827197659063605 0.9994313096895252 0.0077092351198490266 -0.030302765454671088 -0.036470135434279953 -0.0065104330840926308 0.99931353612490548 -1.3008614457918815
0.99857400955547426 -0.036675226664583907 0.038792720830137413 2.2916871036002413 0.036370179495809299 0.99930189167381578 0.0085404531832860824 -0.026098207619092532 -0.03907886236504584 -0.0071173763589318798 0.99921078130193286 -1.4304777422011621
0.99832276932749275 -0.039229033687144595 0.042576180644329192 2.4580896941702717 0.038784729807413341 0.99918468378301639 0.011212155332467898 -0.044546955870671437 -0.042981309613035527 -0.0095420442991174387 0.99903030805603799 -1.5605783453284165
0.99805506685803191 -0.045218998177060432 0.042910671433483295 2.6539597820692871 0.044687674371247502 0.99891297388303546 0.01326206497644212 -0.054137598823172643 -0.043463723704932407 -0.011318693034667413 0.99899088680011905 -1.6806980128577542
0.99793807530822765 -0.047361529544804618 0.043318395275988283 2.8281034396317617 0.04673700792254442 0.99878976604140179 0.015318464068238499 -0.061510761114882857 -0.043991475771542207 -0.013262306365730395 0.99894387294247089 -1.8017145478900982
0.99767782197900368 -0.049071350891425142 0.0472331033590008 2.9608789877745911 0.04861224194108487 0.99875910949742464 0.010820865463206968 -0.013774772571363038 -0.047705486735729385 -0.0084996304391441353 0.99882528142698968 -1.9281944729956972
0.99731605821397418 -0.051098744930022776 0.052436612162851517 3.0744328627971669 0.050215615678538779 0.99857574601253485 0.01802418978858359 -0.054942827077359736 -0.053282942585466564 -0.015342677148596407 0.99846158177836153 -2.0108058286568311
0.99707607421853761 -0.055348742366607591 0.052686041219512675 3.2318011357915628 0.054792867201769131 0.99842637000658085 0.011938399360529012 0.0064149779740026031 -0.053263908275290719 -0.0090166731069216757 0.99853976169270509 -2.1390903109470973
0.99681389524926067 -0.062553150805760904 0.049489004458240879 3.4276510821471349 0.061514264930510779 0.99785827413597572 0.022245447813675517 -0.048728885584572897 -0.050774535429238377 -0.019130291755322583 0.99852690423909019 -2.1978535793611709
0.99655660928847056 -0.067859051510117341 0.047645289500786545 3.5883070812310289 0.066897208787029663 0.99752816305831682 0.021501799041119665 -0.036058730712512456 -0.04898660980279284 -0.018240423066567712 0.99863286498411497 -2.3086900293983827
0.99624875329891782 -0.073097313086582585 0.046316350999123491 3.7336762052885466 0.071856339956912679 0.99702423231394455 0.02791677966360193 -0.065085971705657303 -0.048219165881923751 -0.024483933473027297 0.99853665383066426 -2.3736670426104007
0.99598874848500885 -0.075156005019476876 0.048559116556813268 3.8275518988439909 0.073806901679427106 0.99685065908155035 0.029005253888942543 -0.058461766817745314 -0.050586106350945695 -0.025304908578989264 0.99839907223818058 -2.4532719983876095
0.99569511768465979 -0.077997071313613289 0.050076835816877566 3.9211113103935982 0.076500545829291527 0.99658317333386615 0.031139125158261154 -0.069428708539330752 -0.052334492514515274 -0.027174169615657245 0.9982598185837932 -2.5348428780083334
0.99548283375947566 -0.080369573572495259 0.050543637917936403 4.0125859741481493 0.07898281704396988 0.99645803239524988 0.028863545984268126 -0.042794620595137355 -0.052684364872350592 -0.024741085642357139 0.99830468113659299 -2.6181009157011776
0.99540879610051702 -0.082763712162544661 0.048078026111672868 4.1323377529607797 0.081244651452834826 0.9961563907885268 0.032737619056419802 -0.059487744960617046 -0.05060271984811316 -0.028681231498165025 0.99830694263023234 -2.6691000854829245
0.99521424543183934 -0.082629364848430753 0.052163145555838918 4.1728912235795477 0.081057347783475994 0.99620937840447032 0.031568667207969539 -0.045096492645256225 -0.054573913730310203 -0.027189381083868543 0.99813948198457358 -2.7442745157006931
0.99508343481924499 -0.083341593083021248 0.053508285439896289 4.2357397431815684 0.081537422410550009 0.99605334681729718 0.035062501917356423 -0.060115787104664038 -0.056219271562132918 -0.030527187168902289 0.99795164429373928 -2.7952863314265692
0.9948796465194254 -0.08591917456727588 0.053220150160077674 4.3119354020270704 0.083966723236382962 0.99574756164461498 0.037899642053038009 -0.079309673013742227 -0.056250140713849851 -0.033236860869849214 0.99786333370316316 -2.8445706625434952
0.9949489997777915 -0.084801125543663453 0.053714587848181942 4.3645773748351777 0.082603412421977662 0.99570146513221092 0.041895925694668698 -0.096188746249055837 -0.05703651547400921 -0.03724730111157537 0.997677039157706 -2.8733710196212217
0.99509535532721427 -0.08434507049957593 0.051683100609646121 4.4339564152511626 0.082424561878942496 0.99586373554031016 0.038231032352836036 -0.068131874607622406 -0.054693924756499389 -0.033783565799376213 0.99793148325754788 -2.9248892779944864
0.9954134372913821 -0.080923485234291215 0.051024292227243168 4.4764293212750772 0.079029764018286555 0.99614382205426943 0.038102259543575843 -0.075879931319895996 -0.053910901114427652 -0.033895063366920074 0.99797030988921853 -2.9595559037080279
0.99565772077245251 -0.078612445119493557 0.049857662786573713 4.5202595092869684 0.076732054019372775 0.99630534959698502 0.038572558255805661 -0.085973632393912425 -0.052705739271668904 -0.034579384563119063 0.99801120795863951 -2.9789314673978549
0.99608593074503393 -0.074340684226611969 0.047815073361008202 4.5612200802802993 0.072695292376827689 0.99673006964844235 0.035278360574985575 -0.077584339169428695 -0.050281338864900646 -0.031664347890495464 0.99823301690267829 -3.0157974551871645
0.9965897199440078 -0.068546487273202186 0.045938101663312962 4.5861906310047198 0.067292246760074947 0.99733140588319047 0.028316432773922113 -0.017659991393555584 -0.047756503514236978 -0.025128587735159299 0.99854287361661698 -3.0136868155953058
0.99725734893400786 -0.060058904221652026 0.043251682288771458 4.6138247736684992 0.059040981872042951 0.99795631433488674 0.024440890710322394 -0.01190708697389963 -0.044631182559948974 -0.021820236085415216 0.99876520506096789 -3.0318180597737441
0.99772473565019903 -0.052183709492612772 0.042687379110588682 4.6143693766635749 0.05125481458619565 0.99843045616858228 0.022573616828752738 -0.021609100486239156 -0.04379835446081546 -0.020334322181652344 0.99883342930037011 -3.040109435415502
0.99820486867551794 -0.043006302968407822 0.041683306700423611 4.6205745138208805 0.042207239137402326 0.99891138466601703 0.019864404069056502 -0.031354758960685875 -0.042492224193259126 -0.018069407561127505 0.99893338486282446 -3.038130308990088
0.9988059610997424 -0.028859924899810683 0.039417721983862904 4.6182469632680476 0.028455966856022693 0.99953701306685938 0.010771140128602599 -0.0072017219632207995 -0.039710326388847007 -0.0096366095779762025 0.9991647640574266 -3.0573044071195321
0.999164420899188 -0.015983663086679159 0.037616253448765243 4.6187162797367209 0.01568409303646064 0.99984299791954168 0.0082455282964179564 -0.031486448133490601 -0.037742141364976362 -0.007648661686524799 0.99925823926530188 -3.0503231166015103
0.99939307383784692 -0.0018245551243537194 0.03478728163478742 4.6370690837594388 0.001827409377473798 0.99999832902335628 -5.0253979810126861e-05 -0.0074413615090854913 -0.034787131814895927 0.00011379408403126036 0.99939473808450663 -3.0615474425314684
0.99933281322544421 0.016332278471102923 0.032667798990165968 4.6366226331799947 -0.015907543835976402 0.999786073716323 -0.013219563230514861 0.030706016472438872 -0.032876716077279218 0.012691078868301125 0.99937883610627487 -3.0814313630605565
0.99915918292324124 0.031861332354494572 0.025802764982793908 4.6944736914749488 -0.031382058125127218 0.99933117882936251 -0.018771293171966921 0.006205393223338942 -0.026383585957788121 0.017945766077636052 0.99949079829275811 -3.090975920475127
0.99853220379275553 0.050019002757843455 0.020773477125741027 4.7340559832509097 -0.04940427492793531 0.99835426518809789 -0.029120075542107365 0.021368278357229372 -0.022195846630120222 0.028051034630542704 0.99936003714803823 -3.1201534289514581
0.99734078405710447 0.070770836044326546 0.017402563660194457 4.7557033440519945 -0.070015949921448314 0.99671459076514191 -0.040715983501234877 0.036029096826347674 -0.020226893309584448 0.039389253883040737 0.99901919874724132 -3.1518720119572188
0.99552498479783424 0.093571621268204175 0.013204405950726791 4.7716515860382396 -0.092771527525535802 0.99433458687299792 -0.051886154498895221 0.037421148283464933 -0.01798466913375343 0.05042897025861455 0.9985657067187943 -3.1803947346164434
0.99345176550337211 0.11408545510434745 0.0061724024388356506 4.8183384609569053 -0.11348342056139976 0.99158212672077073 -0.062340991535247303 0.031013374807499525 -0.013232644328232087 0.061232302762081608 0.99803582211388353 -3.2118351917964478
0.99141696442267546 0.13059224041517087 -0.0061700403786076833 4.9299273649795401 -0.13068396213739247 0.98854787398656296 -0.075463917713825782 0.037839564960693899 -0.0037556217860707339 0.075622533546507872 0.99712944381610114 -3.261674674211354
0.98842032423707071 0.15101306328956987 -0.014843091018532756 4.9826800849420332 -0.1517363292097314 0.98440002821168537 -0.08906554246614766 0.052237053383377328 0.0011614788160320302 0.090286428508018352 0.99591516295025173 -3.3057920141929711
0.98502826120871412 0.17058009110796485 -0.02493505840650229 5.05091554866293 -0.17227883491759974 0.97928645154633598 -0.10638631893819864 0.08327791139215987 0.0062711768888853315 0.10908931357096401 0.99401216994815722 -3.3757425595961883
0.98091410303449045 0.19135935804354592 -0.034483598379564953 5.0980402019060582 -0.19414274712862251 0.97370983340155459 -0.1191543288112878 0.071482682894046246 0.010775722963814686 0.12357490208888997 0.99227673930629268 -3.4260648008686179
0.97585862533238299 0.2142070095648618 -0.042606342458265133 5.1143137917821084 -0.21790278038060407 0.96811460631113544 -0.12358190542889973 -0.016784893084945091 0.014775712057088598 0.12988250883130681 0.99141929184018385 -3.4677858161012676
0.97163325384215038 0.22897286634227046 -0.059162881159727468 5.2282961085274682 -0.23520838868720112 0.9616656825571005 -0.14098272547782748 0.00077199022165118435 0.024613693735110343 0.150899110239228 0.98824269519674346 -3.550277004984439
0.9659877421258739 0.24750155482698058 -0.074904355152309005 5.3216267816235332 -0.2565204241448894 0.95373717140755443 -0.1567886471401653 -0.014408549704682451 0.032633633862660334 0.17067040819586837 0.98478762061023772 -3.655907202043768
0.96129558781208757 0.26035634104861344 -0.090140826093347712 5.4316916023471951 -0.27232770611009838 0.94752227137661893 -0.16744899441353706 -0.066255482077629366 0.041814032785955413 0.18551582391017474 0.98175122395701864 -3.7506477451112548
0.95702757810898031 0.26822551849801857 -0.11024194285900718 5.5717434103271239 -0.28459061367061012 0.94173853817934383 -0.17926714232791863 -0.089732271612089784 0.055735063913528116 0.20293742122709102 0.97760421731713754 -3.803456650806269
0.9530304556846152 0.27327630177044371 -0.13058718707531794 5.7222395125998622 -0.29470861964655681 0.93615569605524696 -0.19172726005797183 -0.11189124491765209 0.069855422435168374 0.22120708766670524 0.97272177128016357 -3.8870309909896554
0.94805751707702191 0.27772151177616389 -0.15510546802261463 5.8628650814766541 -0.30601673585665007 0.92938767613740092 -0.20637903192805893 -0.12575004252094665 0.086837213735780031 0.24312406162427352 0.96610040315172363 -3.958182885575805
0.94303144337213163 0.28033776007687783 -0.17917152978794676 5.9773473635303587 -0.31650057563646672 0.92191832557206788 -0.22336961878505285 -0.11080741053265941 0.10256257813286197 0.26735246632390269 0.95812503167241547 -4.0048674307210428
0.94009370804657655 0.27164907353634871 -0.2059868950639373 6.0946484341382163 -0.31735688363850589 0.91803326490927062 -0.23769630398321459 -0.15605897630065618 0.12453284104401516 0.28882815888840951 0.94924699953944425 -4.0727824344167773
0.9379587950475563 0.25994703177840456 -0.2294794968238632 6.1379927890858212 -0.31530862600145759 0.9147663914276245 -0.25255280533693369 -0.16728886872897172 0.14426977910154723 0.30924098981874854 0.93997672367666185 -4.1180268555317081
0.93582981430866852 0.23852273412923769 -0.25947921680650277 6.2989202599756249 -0.30666521253240359 0.91392254205141621 -0.26589854184017847 -0.18364439624574172 0.17372105823261269 0.32840903220494772 0.9284225877760357 -4.109067569862864
0.93207318657814153 0.22145816875674784 -0.28669819384324113 6.4299937020314379 -0.30305771905320367 0.91024761856122061 -0.28214409762725151 -0.19974574181291788 0.19848323300555723 0.34986504883245251 0.91553200589664108 -4.1624369015973803
0.92668234464081001 0.20818850654128904 -0.31291752567588565 6.5452953993814811 -0.30136584827754986 0.90908714096880239 -0.28764421707575066 -0.35325620161607468 0.22458507880748382 0.36085747306835203 0.90517590915123225 -4.2543368296236572
0.9213769275862379 0.18658578638015816 -0.3409549847599278 6.6611282508268372 -0.29540662827327163 0.90627078468556999 -0.30233787192083367 -0.3767943577353452 0.25258559199598402 0.37928750196427419 0.89013566919303877 -4.2878727668473431
0.91407990387964189 0.17013739661729513 -0.36811845321264974 6.7286783240041181 -0.29604757111812269 0.90032870263788745 -0.31900480065578718 -0.39366359871038109 0.277152963106016 0.40057645147795151 0.87334113699223381 -4.3185827352223818
0.91119906334171918 0.14780650997299943 -0.38453803787762708 6.7028680872593469 -0.28762044825165489 0.89651657567391529 -0.33694585216238232 -0.33966613741011215 0.29494193447641665 0.41762574771141509 0.85941723867734388 -4.3867420511844282
0.90468128369915279 0.12623619924480947 -0.40695969938641074 6.7591940585836232 -0.28413069716270495 0.89047997125028044 -0.3554084519703139 -0.30960819129014994 0.31752404925341998 0.43716111766981802 0.84146814279768622 -4.4282103750307851
0.89792322920219336 0.11121278239805074 -0.42587039283142131 6.8266893561558923 -0.28348777291314198 0.88627173905759671 -0.36627460621311181 -0.37089460053501155 0.33670247558913508 0.44961552639906366 0.82733144588673824 -4.5082489144693838
0.89540154538548933 0.089951184730686834 -0.43607895717039985 6.7912442167648361 -0.27372194283824047 0.88366286638993241 -0.37975812904056105 -0.39012668126216205 0.35118708764722062 0.45940039500317614 0.81585470921040171 -4.6351031164878016
0.890901127220736 0.071341784297023869 -0.44855939554326463 6.776090172678459 -0.27024222657755592 0.87701768605727271 -0.39725195697082721 -0.32129703614828764 0.36505385971281956 0.47513190605984773 0.80061560773738927 -4.6881824391431106
0.88348907800125109 0.05446571555446441 -0.46527468755740353 6.8736138850444739 -0.26835084842757806 0.87294719412238442 -0.40737086103703485 -0.34577359420522846 0.38397248755698415 0.48476456358009118 0.78585523265822022 -4.7650685003202939
0.87932032390968096 0.037394875819548902 -0.47476035135825556 6.8970747629886118 -0.26345468180575449 0.86866808783180705 -0.41953233941766721 -0.34836765956467763 0.39672080685792421 0.4939811498884068 0.77368935947247275 -4.9010719455452971
0.87342698940814278 0.020577410873245404 -0.48652015820023503 6.95300637402823 -0.26040055332129708 0.86399084384109892 -0.43094242491162099 -0.3264567313884072 0.41148128268900691 0.50308686319610796 0.75999129078964467 -5.0000037093524936
0.85694982768386296 0.030326519182635618 -0.51450684647229206 7.3361922276983016 -0.28598231048182277 0.85847130089955792 -0.42572425773415695 -0.42733334553887198 0.42877862694410951 0.51196418601898885 0.74433968140213935 -4.9969908788908395
0.85107585320876733 0.021630812498169089 -0.52459698820679268 7.4836274837295926 -0.2891038143748309 0.85334790684081308 -0.43383906509710057 -0.4308028824752308 0.4382794503497649 0.52089294278294085 0.73251734829970816 -5.0362566147911751
0.85034951399087522 -0.0096631574117968522 -0.5261295728661497 7.3576497529636455 -0.27459578792800415 0.84475796826706884 -0.45932682079483733 -0.39551948121702002 0.44889069639243012 0.53506130343926839 0.7156860654324565 -4.8700981068150417
0.84816238656274878 -0.01940391441113043 -0.52938082145626297 7.4557337338720497 -0.27310042503264426 0.84027366781040436 -0.4683549092637328 -0.34237582744790401 0.45391268308692517 0.54181514494334304 0.70738930218293017 -4.8785308285425755
0.86086027271937171 -0.014585037820578798 -0.50863235005778129 7.42890452730117 -0.2560728385220673 0.85137001728022832 -0.45781633331229576 -0.42981417660942522 0.43971160119421498 0.52436282319405148 0.72917579322628623 -5.2401177806866857
0.86252803729520355 -0.030588382088971525 -0.50508388982510932 7.5428673584994375 -0.23948861580599057 0.85461893024797575 -0.46072951605159429 -0.46263409972902653 0.44574722408447448 0.51835396684407142 0.72980721925588043 -5.2193375448674564
0.86278287461015746 -0.045908512317107832 -0.50348596780472765 7.7039512413264957 -0.22316300461394015 0.85901942234364892 -0.4607427757524391 -0.46597474839887321 0.45365624061739951 0.50988041787581306 0.73090216500956839 -5.2407868284781038
0.86842725562080125 -0.059110056674966646 -0.49228051240609316 7.7948546808933958 -0.19979327873257899 0.86697229219790062 -0.45655414830489055 -0.47069078727220554 0.45378050582656082 0.49483840368447579 0.74109257638353809 -5.318310261753914
0.86881866364038696 -0.068877239859468226 -0.49031628112828707 7.9908171513620454 -0.18838217079381678 0.86981774786601973 -0.45599259119452212 -0.46155738232612153 0.45789331447089437 0.48854171912604005 0.74273864934863332 -5.2510633393299573
0.87765156060990379 -0.080679614793688029 -0.47246009134713435 8.0700124872223782 -0.16035832068219721 0.87949782798500753 -0.44807229278057326 -0.48579532052308555 0.45167792413066415 0.46901425386271178 0.75895499374246023 -5.3469901082675726
0.8878014980300849 -0.087621704007191367 -0.45180851816052925 8.153817232925876 -0.13020672856322954 0.89377918343174434 -0.42919107528109879 -0.62555527067973227 0.44142350178983286 0.43986498866238544 0.78208956252889661 -5.5231732490125047
0.89577794118017873 -0.099092569878671363 -0.43331575402913863 8.2413381309934852 -0.10316959250219597 0.90186373714588686 -0.41952095871861467 -0.64054412467563293 0.43236317521029838 0.42050263045086339 0.79764630163122652 -5.5587364923130842
0.90711060660531317 -0.11228708398877518 -0.40563771786341374 8.2816716372646795 -0.071416390855573525 0.90871897728790019 -0.4112535950408176 -0.54055459127136574 0.41478915909327319 0.4020216798707883 0.81628948444321203 -5.6985644761751857
0.91811680596622758 -0.12533857522401765 -0.3759677807514703 8.3259184373703565 -0.038178517495634202 0.91628635690076687 -0.39870002879277061 -0.53640805948941628 0.39446664168749163 0.38040708946907631 0.83647266236109497 -5.822203421513044
0.92473114345864194 -0.13712207306737295 -0.35506316254348119 8.5179201575507779 -0.011085571498571881 0.92275387174682733 -0.38523032367765375 -0.51840143167525321 0.38045948854276529 0.36017055578426438 0.85177916640631191 -5.8754586939691906
0.93569200651078055 -0.1501557912079777 -0.31927058636607242 8.5307091974514915 0.02174098070048212 0.92773516778959997 -0.37260540549565851 -0.44314895074186711 0.35214741048318215 0.34170264384857929 0.87133891481838466 -6.0035372088736674
0.94420949696922518 -0.16377889814902327 -0.28573571417345528 8.5754437275401472 0.052595425485314408 0.9314365332899095 -0.36008291499444151 -0.38730197797148197 0.32511866610691764 0.32496531657081085 0.88808524139008826 -6.0631160940964923
0.95411807904074108 -0.17309026211044343 -0.24433266750507221 8.551770304265073 0.086574496903531306 0.94060729760122652 -0.32827239936555458 -0.48251707288327433 0.28664184574745299 0.29205765331840849 0.91243563028009689 -6.2762120058919626
0.95779749903563127 -0.17616875033063847 -0.22713106843413358 8.8884571301645554 0.099180094013874065 0.9441935681884025 -0.31410478306299577 -0.47155091622543444 0.2697911410563531 0.27832189493209786 0.92181867143648011 -6.3251702037380584
0.9622193583040568 -0.18017406337760983 -0.20413528208256967 9.2169347144622904 0.11906611874996298 0.95269508931828417 -0.27963427213888908 -0.64989103912757162 0.24486152386757085 0.24476391415980342 0.93815428392904732 -6.5508984454327628
0.9615757236613357 -0.18340025861850223 -0.20429506309219694 9.2064384548250455 0.12152010295656454 0.95159829242607008 -0.28230046834749256 -0.60707548843406733 0.24618081209266535 0.24662732004069254 0.93732063498407081 -6.5414876962561603
1 0 0 0 0 1 0 0 0 0 1 0
