0.99995972104986541 -0.0032071402643385817 0.0083827518870724788 0.24191093672384045 0.003206437897150857 0.99999485463836957 9.7225499980596467e-05 -0.00010271840056524004 -0.0083830205705982697 -7.0342810506408881e-05 0.99996485939156976 -0.14712017425628746
0.9999376302556382 -0.0064173835041182493 0.0091407213993061655 0.40794478998272515 0.006415624521546405 0.99997939508367106 0.00022174330607825063 -0.0020424911582333323 -0.009141956067341122 -0.00016308603965092399 0.99995819814740583 -0.23703411272325139
0.99988735027068265 -0.0090053783921482857 0.012007911087586519 0.5580897980085634 0.0089935828356147544 0.99995902029388295 0.0010359539935661281 -0.0058229617598820668 -0.012016748164627989 -0.00092784315058026139 0.99992736579745423 -0.31783932508747254
0.99982917207978184 -0.012145956636661617 0.013932063581477134 0.72147058118501162 0.012130781586103289 0.99992573109828309 0.0011732116920086032 -0.012537922210048656 -0.01394527864075305 -0.0010040044543446786 0.99990225581238057 -0.42091850309551804
0.99972597413187847 -0.014875787890738951 0.018074500842244979 0.87164606642396258 0.014811494477237851 0.99988351041354873 0.003685815300534604 -0.024130063777257984 -0.018127224757731743 -0.0034170949223933972 0.99982984911677553 -0.49671964738345781
0.99962344641708301 -0.017709641875321359 0.020960294794706021 1.0381809929534973 0.017611778671400739 0.9998331645261751 0.004844415919807844 -0.031450788238470528 -0.021042590745027338 -0.0044734436648244252 0.99976857205881153 -0.60106251761997243
0.99956720101053886 -0.021520162873661864 0.020057249408828737 1.2453303314109381 0.02141995180905959 0.99975705480865218 0.0051977903792965784 -0.037135475797785804 -0.020164233892078814 -0.0047659154651135882 0.9997853218173014 -0.70899726194110335
0.99939076736743804 -0.021136814056188627 0.027772813906364057 1.359994787553094 0.020970589218236472 0.99976047662037559 0.0062628887615477956 -0.040555189134557731 -0.027898539183322954 -0.0056766609334752685 0.99959464135822729 -0.80045582229492973
0.99924208161501649 -0.026141876643208013 0.028842063297551391 1.55702629661956 0.026098005056207248 0.99965758998690646 0.0018965530987239559 -0.0066138252012327434 -0.028881766943434167 -0.0011423953524913901 0.99958218194958026 -0.92526865264440739
0.99909792597908642 -0.029134731509409519 0.030895011315138866 1.7448828996893557 0.029032873091373132 0.99957145864708596 0.0037404997256024444 -0.013002590285021928 -0.030990749980408027 -0.0028401545753057806 0.99951563616465766 -1.0481876760562092
0.9989577902150456 -0.032077089031925847 0.032471429409727748 1.9286361886978045 0.031938189683604797 0.99947838039431369 0.0047873963794174265 -0.01612814427740553 -0.032608057415416662 -0.0037453282362806747 0.99946119840041581 -1.1759033888303188
0.99871365571772808 -0.032732982350832725 0.038724485139914493 2.0690152633065066 0.032661310497963003 0.9994633948353483 0.0024821725879398265 0.0088537618395564677 -0.038784954292702692 -0.0012141872263952166 0.9992468429121466 -1.3115061879440233
0.99841383444541465 -0.034919025095159179 0.044164203540964314 2.2246951650490248 0.034743232785983513 0.9993850215358826 0.0047419938108922274 0.0033597193753602248 -0.044302629307785356 -0.0032000650192180531 0.99901303125649454 -1.4300903664657227
0.99814717545612086 -0.037254898185405019 0.048107054473984896 2.3874278900811174 0.037035485362658681 0.99929911916796921 0.0054445618807316687 -0.0018922960935067853 -0.048276173760149414 -0.0036528059510364894 0.99882734646973093 -1.5715800601438945
0.99794594081075805 -0.042915318474152316 0.04756232395071805 2.5895840575369586 0.042646774161630846 0.99906810027685833 0.0066470792680919863 -0.0030134503124560111 -0.047803262157909504 -0.0046050460857111437 0.99884615515984776 -1.6932639082940748
0.99777538698862378 -0.044943013445210775 0.049238223588646678 2.752992240072353 0.04455783426760395 0.99896722160004037 0.008893231925266646 -0.012737307996630162 -0.049587060056860574 -0.006679499319518366 0.99874746946550896 -1.8130525496590497
0.99752881397491211 -0.04690688854607819 0.052306874277966119 2.8950821061057113 0.046753691147950173 0.99889783058965353 0.0041492658779558132 0.038478863938906226 -0.052443852393271422 -0.0016934728251971481 0.99862243841000442 -1.9433633072393619
0.99730747615591164 -0.051079307738318903 0.052618459921397909 3.0640753687130053 0.050421620946163412 0.99863332943680228 0.013752580817019664 -0.018286261039123002 -0.053249020128891177 -0.011062443624324471 0.99851998687876631 -2.018822297113875
0.9970480695657169 -0.054660927777097169 0.0539196619965698 3.2101413112353616 0.054248928502280538 0.99848619127035543 0.0090763207729576776 0.033164684601930991 -0.054334158055792309 -0.0061244442169176207 0.99850402625698109 -2.1412194849174755
0.9967306533276783 -0.06141613778460512 0.052498216508772635 3.3826125560407334 0.060583604115791216 0.99801307776952675 0.017306747624488448 -0.014481883474429826 -0.053456820232040125 -0.01406963470098104 0.9984710380126508 -2.2207318145325754
0.9965248207342311 -0.064564907159133683 0.052627506345456813 3.5155092915836001 0.064036647112788461 0.99787937349267408 0.011664638203578074 0.035014904940167145 -0.053269029343145077 -0.0082540124424802502 0.99854608395979327 -2.3452749171129579
0.9962401716003042 -0.068899805580825188 0.052519875101917607 3.6493932928397155 0.067883112628163905 0.99747425407693946 0.020904436695716514 -0.014665790584091043 -0.053827534865610822 -0.017260627004187741 0.99840105531079726 -2.3997796774872224
0.99587649231300823 -0.072653958669900806 0.054326921023846265 3.7633071329555703 0.071653651932813686 0.9972261838451707 0.020141807721478198 -0.0017782327423947963 -0.055639610198401544 -0.016166030532884634 0.99832003547648973 -2.5062356775459742
0.99560770044053681 -0.076115933365022592 0.054513039829729229 3.8732259503101703 0.07509408783101694 0.99696453331704837 0.020557171029777509 0.0094142582283065733 -0.055912295573815586 -0.016373270775610196 0.9983014230220123 -2.5869075720036712
0.99535098513352083 -0.078992320473162667 0.055105623125001259 3.9653005574820304 0.077899745491691735 0.99672491479382763 0.021704236488911594 0.018284050135875071 -0.056639615518285072 -0.017310619154210387 0.99824460750781852 -2.6554549903649298
0.99522647798083441 -0.081552009886229002 0.053605290871144635 4.0715466739743968 0.080348453921278831 0.99647205206084244 0.02423995491154925 0.010488550377801061 -0.055392991238276248 -0.019817142709538479 0.99826794868737823 -2.720010275287851
0.99503610050073998 -0.083347805096374461 0.054371886907648409 4.1473577705831977 0.08242447333987675 0.99641593945955287 0.019012674340571634 0.067186570555980457 -0.055761679448571855 -0.014436723193074617 0.99833972981571817 -2.7894750841729392
0.99486996751580958 -0.085803290392850326 0.053586780952508843 4.2315765975507951 0.084475878042260144 0.99607127364231185 0.026567722024513185 0.020151833996263264 -0.055655851121702897 -0.021904638375075045 0.99820970394680897 -2.8299121043618425
0.99482178413390032 -0.085476030107213288 0.054986053593199476 4.2857721023219888 0.084041166457160074 0.99607154503628348 0.027902679253989884 0.016113108075248048 -0.057155053610012045 -0.023137101074721781 0.99809717683234367 -2.8802213029336667
0.99473507598312139 -0.086214457501833583 0.055400324245606689 4.3424213373860407 0.084666718436080021 0.99596640109716295 0.029706475301368097 0.011765833120176135 -0.057737989210911861 -0.024859509311926792 0.99802220887044935 -2.9078958688528709
0.99495599317160277 -0.08475306707056697 0.053660872840847043 4.4026437214584746 0.083401708406489805 0.99615166275932288 0.026944754901743272 0.030078369544340958 -0.055738018324913811 -0.022333436904519333 0.99819561755662067 -2.9574371760656915
0.99526973987930734 -0.080965180135525658 0.053691568110809405 4.4389760568717342 0.079787666601281573 0.99652945783953895 0.023726944943615842 0.047436290913915644 -0.055426285631445131 -0.019330785386437923 0.99827563708499112 -3.006070680421999
0.99579968231271054 -0.076659035443889648 0.050063809191043043 4.4931465843241556 0.075772665194311792 0.99693692662655098 0.019371823294613188 0.074866853000880584 -0.051395485358691047 -0.015496987230408965 0.99855813424733819 -3.0450821367913394
0.99606202658749787 -0.073661441296343874 0.049339955984496274 4.5345928636796105 0.072756544974584336 0.99715129895037147 0.019894023347433697 0.06099046358794271 -0.050664823633049694 -0.016225876485793787 0.99858389561343308 -3.0650610535048504
0.99662313911633593 -0.068166469682773914 0.045778280755048986 4.5813930405924914 0.067516825057555782 0.99759629086036128 0.015592267179497816 0.07285363236802786 -0.046731112891178074 -0.012448810089197416 0.99882993057642955 -3.0878127590503737
0.99726747808284189 -0.060900989664786589 0.041816822166898193 4.6232676207938521 0.060566202644379522 0.9981215254653264 0.0092279737759606763 0.097832536906572981 -0.042300263066893398 -0.0066700720100625671 0.9990826782022858 -3.1148512294139108
0.99773203517829778 -0.052613291841844406 0.04198365754120037 4.6186268196775613 0.052235445013391203 0.99858425156126973 0.010047428430789342 0.067982375361281697 -0.042452847527873393 -0.0078316061816053242 0.99906777632020105 -3.1163796271944451
0.99833926997377342 -0.041407847964827361 0.040051119274682669 4.6250112371960137 0.041217026250903073 0.99913464212968983 0.0055788568191952066 0.075582517984233502 -0.040247469178390359 -0.0039188038096409049 0.99918205758582157 -3.1088072707039753
0.99892170554293014 -0.02888416849109271 0.036347365871293787 4.6453800462988122 0.028870193328153548 0.99958275542602459 0.00090939106618598265 0.069478848628609133 -0.036358467134885698 0.0001409450048333759 0.99933880240992701 -3.1165362500848528
0.99932288489943144 -0.015727708725745367 0.033262755365659431 4.6583931192773429 0.015939469661477291 0.99985428550482269 -0.0061107335526448554 0.070043641631232847 -0.033161800662636486 0.0066367865626888786 0.99942796040581783 -3.1279305720693285
0.99949937433658798 -0.0010558831891373213 0.031620971070794771 4.6615668725913126 0.0014784619075967147 0.99990987881673055 -0.013343477623878922 0.081871340381812568 -0.031604032197758057 0.013383547937750631 0.99941085935336971 -3.1404921054472723
0.99941434960811459 0.017168582241021475 0.029600634811140801 4.6619788665664927 -0.016544636957736399 0.99963842837706196 -0.021196402991411418 0.088990147538251241 -0.029953844249544021 0.020694257553024079 0.99933703769999593 -3.1396991832439141
0.99914264853614465 0.034006425260522 0.023612092604821947 4.7094761669399059 -0.033266728055233272 0.99896428259597825 -0.031043306879288777 0.10122992010033649 -0.024643309044795742 0.030231194791193312 0.99923910160722773 -3.1503221983166672
0.99848004462086692 0.051628278992437937 0.019290445878479945 4.7504801579848754 -0.050818126849263012 0.99789206803956232 -0.040360110595210621 0.10704625673427266 -0.02133350598105679 0.039318460702377586 0.99899896905379826 -3.1862980178873306
0.99721334949493035 0.073094222919433377 0.014925487091084089 4.7749463758013464 -0.072235944659471127 0.99604959262533654 -0.051644722189736425 0.11120221574801405 -0.018641456173157829 0.050422649739035014 0.99855398076670787 -3.2152231106436178
0.99545367454377931 0.094757507382460304 0.0096434761341765759 4.8047945999992487 -0.093986774176672616 0.99365075810484527 -0.061843812928452285 0.10548945528879651 -0.015442412931617848 0.060656291613724926 0.99803925081657996 -3.2513642149174791
0.99320889800926548 0.11629542875634427 0.0033849912257682504 4.8399309282387506 -0.11573396102473105 0.99055422684881977 -0.073538928041295928 0.11389266471166368 -0.011905258533375367 0.072647759238086085 0.99728660268597746 -3.2835656166555971
0.99070709216409458 0.13587027565583806 -0.0062229999976596423 4.9088764050769651 -0.13588555690752221 0.98676647073209012 -0.088470603382523036 0.14605601879328786 -0.0058798775239653125 0.088494070039419795 0.99605934893868719 -3.3238151106001883
0.98768009644807753 0.15562546019678566 -0.016393389486465307 4.9787153798816313 -0.15648496057938754 0.98270162564686181 -0.099045303086428699 0.13494184780137569 0.0006958396250560479 0.10039039341268505 0.99494788040261817 -3.3537543602230948
0.98414802223653253 0.17568716435537329 -0.024221697064606917 5.0244416057160635 -0.17730564934860743 0.97770758604435237 -0.1124748100704948 0.13473179176657321 0.003921356524239996 0.11498650560867248 0.99335931388944887 -3.4082007583903575
0.98063767398523494 0.19213114827937847 -0.037886332914067705 5.1295392951474685 -0.19545324676729364 0.97226483017798104 -0.12844893275969715 0.15319523351628411 0.012156508090381202 0.13336686942351639 0.99099217829971753 -3.467681159761506
0.97652273006045553 0.20955234438182918 -0.04991164833336989 5.2044483925236715 -0.21457827367707943 0.96665621607578667 -0.13975666133607562 0.13471418715280295 0.018961069090088704 0.14718551180779105 0.98892714745467447 -3.5243350717498219
0.97199370461528001 0.22533161164230189 -0.066737568002936468 5.3090436125846949 -0.23313002288920673 0.96035228107627879 -0.15288521399816885 0.12136057846960992 0.029641703998617718 0.16416199629107459 0.9859879351988986 -3.5803161173891596
0.9667639911800352 0.24267174938346256 -0.08048482719630333 5.3765515664256496 -0.25324053057775947 0.95218927010902521 -0.17089419990724317 0.14480473524160903 0.035165594411921214 0.18559637911449633 0.98199662169950686 -3.6637275217367655
0.96162969336825121 0.25571958693418106 -0.099377188985677239 5.5010955025832287 -0.2704198813103505 0.94458074198649333 -0.18611907387568233 0.13021945057015843 0.046275486216561169 0.2058511955915184 0.9774885496254998 -3.745830618716965
0.9574641703471729 0.26344505509935623 -0.11772453204450214 5.6267436517652838 -0.28293606143761757 0.93724218635063361 -0.20377504573144598 0.16112966620302666 0.056652869649899788 0.22841582052997417 0.97191391866360788 -3.8233609814495613
0.95335819857266968 0.26699535274387348 -0.14078929940676843 5.8000057537828411 -0.2933916388129828 0.92928221570719349 -0.22440122514139998 0.20666174128132847 0.070918907837799791 0.25524115103858869 0.9642730232292045 -3.9249764020859637
0.94870659507403132 0.26849066557459345 -0.16693878807020807 5.984793555759782 -0.30295488286089878 0.92302215094714413 -0.23716755218968444 0.19589644056229868 0.090410925300967393 0.27557734188466843 0.9570177601413693 -3.9743034849140768
0.94245367000176727 0.27492098215217964 -0.19026174989387859 6.0588752555601788 -0.3176235424870773 0.91390196953120606 -0.25278147745620577 0.18623898501007974 0.10438565590233026 0.29866644213815413 0.9486316414617304 -4.0153430091027751
0.93950305798709877 0.26430339709417866 -0.21789382349522227 6.1931748557691391 -0.31766818442716732 0.91024962590728642 -0.26557963615155505 0.13052869750341634 0.12814417129014241 0.31873081561110794 0.93914308736434859 -4.0900963429737285
0.93686334056525111 0.25312867774811704 -0.2412736073556499 6.2681329343303931 -0.31613317744156089 0.90800863005142629 -0.27491842767052699 0.047129333821874973 0.14948877959773757 0.33383558865648544 0.93070237161014957 -4.1436636202299129
0.93412051743020696 0.23807107706072783 -0.2659718428388001 6.3246643306625634 -0.31293235203168707 0.90464031964381519 -0.28930820093224491 0.046507053088382926 0.17173293792350569 0.35347992070537881 0.91954322556923906 -4.1377043249316987
0.92937543424830804 0.21751625129193597 -0.29824148376721898 6.492033624471099 -0.31125458122172123 0.8961243835535676 -0.31635687896619125 0.14781723175363462 0.19844870340785789 0.38684333989955388 0.90053891781038442 -4.1758340474562985
0.9243471572346309 0.20524925421301174 -0.32164433238790174 6.5881825047750482 -0.31032898943418846 0.89486805127782121 -0.32079134826081279 -0.0030292950528227904 0.2219870519399991 0.39633813145751851 0.89086353294079279 -4.2891669590440751
0.92077896786649616 0.18275648824960924 -0.34462466298479061 6.6098709650125294 -0.30553037697844304 0.88714547662769805 -0.34586715953155323 0.1385960382968951 0.24252274342444785 0.42376050937019227 0.87270255506684213 -4.3181082495005834
0.92148810281108606 0.16089646923223436 -0.35351379402539024 6.4418254837083344 -0.2996431944248063 0.87359659741466489 -0.38346178560635946 0.44965922487807158 0.24713080021017836 0.45928347583395651 0.8532204031862789 -4.341565687366729
0.91799545037492525 0.13812668229019728 -0.37175983205618252 6.4259261474665541 -0.29364930893833335 0.86678092180047828 -0.40306440795827209 0.56964284421464151 0.26656038049751019 0.47917831048808546 0.83626174748508408 -4.407497041168968
0.91563436862749337 0.11655061276812163 -0.38474622499968342 6.370752910741329 -0.28656247661593331 0.86044928932227449 -0.42131813098955923 0.63429836550006258 0.2819497295332527 0.49602719196448103 0.82125597401051376 -4.4882619492146318
0.90658142118804474 0.10165140030304173 -0.40960605412163514 6.5066752774498005 -0.28981919010473012 0.85547059321325092 -0.42915603362227928 0.5440546651539746 0.30678162233697021 0.50777658174023677 0.80501427268868797 -4.5567121206927412
0.90084085470078767 0.082746055628641652 -0.42619108951250501 6.5887950802633197 -0.28520458515140262 0.85292404388589871 -0.43724011706377297 0.43437538348006427 0.32732873248551014 0.51543541364484002 0.79194837915750682 -4.707801084727798
0.90214785034222822 0.058788395728453062 -0.42740283182329464 6.4401820260564824 -0.27656829816720174 0.83914193923541369 -0.46834899622517301 0.74896668622716522 0.33111815500179759 0.54072611398369153 0.77328910317183541 -4.7383600139973794
0.90214785034222822 0.058788395728453083 -0.42740283182329464 6.4401820260564824 -0.27656829816720174 0.83914193923541369 -0.46834899622517301 0.74896668622716478 0.3311181550017977 0.54072611398369164 0.77328910317183541 -4.7383600139973776
1 0 0 0 0 1 0 0 0 0 1 0
