0.99868915689703341 -0.010779230607027899 -0.050037746590079958 -0.00052123358218434106 0.014032602720735365 0.9977781567690085 0.065129378436476759 -0.019694193521802541 0.049224525972065544 -0.065746163858892231 0.99662148681466078 -0.016802422538187936
0.99889193933343812 -0.011861112608903799 -0.045543468712451518 -0.0054324868024449007 0.014722724546533979 0.9979036437853761 0.063020307058888433 -0.019120144048085666 0.044700502420107459 -0.063621000680188958 0.99697253390243457 -0.016281798027967875
0.9975810494982269 -0.018673560064817036 -0.066957806389710411 0.033511356517100382 0.024743554139699354 0.99554316772156137 0.091003064406946707 -0.032317209176120361 0.064960035487613768 -0.092439706606115932 0.99359704832090912 -0.037499225807783053
0.99667208485941849 -0.021334864320706401 -0.078673876391069805 0.021088125232563312 0.030424629228146653 0.99275808097175233 0.11621417556224985 -0.033576180897015494 0.075624712880843964 -0.11822104816698539 0.99010337165974194 -0.041228485429585987
0.99579618026411976 -0.024358228749179069 -0.088298607370624144 0.033736267082859712 0.03654316660249439 0.9896001892388806 0.13912606669145122 -0.039316778435059596 0.083991454006055372 -0.14176791650643131 0.98633021524405018 -0.055106448082867875
0.9951335415758954 -0.027836285014558381 -0.09452182640641367 0.049301157128548108 0.04258665798013675 0.98654894720978803 0.1578212638440773 -0.031916530654945367 0.088857250647872185 -0.16107860191796827 0.98293340212419988 -0.080874704754688206
0.99479748792514389 -0.027776090441616698 -0.098012482968255987 0.064576342369862483 0.044912082216231206 0.98314459582895108 0.17722756152283792 -0.045955774777291174 0.09143775417641245 -0.1807074776873053 0.97927725625538042 -0.092317751242329799
0.99479725290752752 -0.031166440878777395 -0.096990095218979791 0.083135523279268 0.049620088644826511 0.97972255846110279 0.19411737491865677 -0.058333203287621364 0.088973436544379086 -0.19792008843313624 0.9761717913277882 -0.11614644525379211
0.99482758229542667 -0.034191843485403835 -0.095650401689202622 0.12605093998310674 0.053457091381939999 0.97692813797835487 0.20676980584003885 -0.061166916723371378 0.086373727980324458 -0.21081349829935958 0.97370285408309598 -0.14854639187914773
0.99562688612617201 -0.033749794443250172 -0.08710944264395834 0.12764600210863264 0.052144015455267138 0.97445596263752543 0.218441247323793 -0.066529856090558823 0.077511968591331554 -0.22202821499803127 0.97195440555094181 -0.18492716499529926
0.9960306288008538 -0.034905155810143064 -0.081881723164852899 0.18257908498414899 0.052691047493690031 0.97262449026601738 0.22632996807490582 -0.072661411262543676 0.071740086455158905 -0.22974601418227003 0.97060297184933786 -0.22849448494795332
0.99665225041488459 -0.034813683388074938 -0.073974990313626712 0.23273759443186262 0.051349885190675952 0.97062927430289736 0.23503616989122292 -0.085249338942448724 0.063619816361340495 -0.23804793491056858 0.96916752919759064 -0.2546696906835017
0.99742803192237761 -0.034704311040324953 -0.062713092179137869 0.2820418817626632 0.048872580033657263 0.96931975529787473 0.24089558507810466 -0.097564102979411552 0.052428923852263339 -0.24334095993992663 0.96852278504907063 -0.30379699600169202
0.99806254782865078 -0.035825364428872498 -0.050869380626469465 0.33307642312096708 0.047283124724875711 0.9681490298716765 0.2458694004441862 -0.11463969438395427 0.040440780630868096 -0.24779830350926579 0.96796722260616641 -0.34979888549897564
0.99864510620769098 -0.037578981218614908 -0.035996833444078939 0.38323021883970404 0.04535798968570047 0.96765647256432064 0.24816043978855301 -0.12716819997994697 0.025506952367965532 -0.24945695274926122 0.96804990785906841 -0.39772132417756134
0.99903106708865308 -0.038927180719931599 -0.02053293921738307 0.43492333081956708 0.042837636367369883 0.96708177696606534 0.25083415551039845 -0.14793774776842361 0.010092764842398311 -0.25147069662558214 0.96781228801688624 -0.44507861540398486
0.99910342897081839 -0.04221982481099304 -0.0031344236602067507 0.49258561235013865 0.041657219009362832 0.96718145276275569 0.25064858574532506 -0.16769907987853905 -0.0075507829500380723 -0.25055443285772183 0.96807306638093527 -0.50000996223118899
0.99892573411933716 -0.044302901713423902 0.013587884821199252 0.55400231450413961 0.039573207978721311 0.96813039261584766 0.24730043288226947 -0.17932774462679457 -0.024110971038436919 -0.24649705027293062 0.9688435711105936 -0.56170731120266471
0.99850548854975341 -0.045478116141805344 0.030307264611158753 0.62648670562809972 0.036620442603472692 0.96840897690994587 0.24666373187754589 -0.21707993756194208 -0.040567628961329413 -0.24518522466173312 0.96862710734731738 -0.63223739421959269
0.99766628101633936 -0.048494026648048368 0.048065799717523637 0.69674582487020609 0.035475304404584032 0.96964117923690318 0.24194521343781508 -0.2420805467761889 -0.058339476346885577 -0.23967543242378048 0.96909864956672254 -0.70438058208051058
0.99652617765282103 -0.051533145341618833 0.065421037777293467 0.7703032693789934 0.034523810551100764 0.9705047400237834 0.23859726757949382 -0.27978981340244635 -0.075787094928425475 -0.23550983954512061 0.96891249951672187 -0.77219801003170618
0.99502221150120418 -0.053037239598075797 0.084367350527733073 0.83751057480642133 0.032068330821682936 0.97198947559929105 0.23282629035941454 -0.30625824719800954 -0.094352640543676286 -0.22896181022177386 0.96885193331200226 -0.83987763912628766
0.99343974082207254 -0.055239816073868825 0.10013013570098814 0.92024153777978657 0.031000120538993845 0.97289507086860394 0.22915971200484223 -0.35492040912821798 -0.11007485581158401 -0.22455231862463479 0.96822506800761954 -0.91655856484440645
0.99178072478121626 -0.053960817067947815 0.11601389646850446 0.99949574905892213 0.026936225053570087 0.97445337678374278 0.22296873380504392 -0.39570488644138518 -0.12508170822429962 -0.2180111159920993 0.96789757700470069 -0.9944865993271198
0.99003124404036602 -0.052570753121246983 0.13066924557886639 1.0838596228588313 0.023676496700603716 0.97664813348383017 0.21353652349548419 -0.42266472894448043 -0.13884365065739052 -0.20831404004247067 0.96815685784552108 -1.0774860655945058
0.9879948704690763 -0.051436812140904287 0.14567220147843771 1.1693541511052679 0.020469023102071993 0.97821552981487447 0.20658024184866228 -0.4713169809314956 -0.1531246388405213 -0.20111845162934769 0.96752478696629463 -1.1670422839177459
0.98645816265603714 -0.052327757684353528 0.15544162603692355 1.2993555929497007 0.020600934633490164 0.97976458616072803 0.19909032421874279 -0.50473078360161472 -0.1627141506492347 -0.19319203265410567 0.96757477421513682 -1.2548449695197019
0.9843378809030614 -0.050553678163104368 0.16888831174315061 1.3976113240703718 0.017263658618807014 0.98103937975507471 0.19303808292891775 -0.56531243524995434 -0.17544486971799333 -0.18709906732519993 0.9665469655922968 -1.3459822838514124
0.98212453040088454 -0.047112993728491988 0.18224097400634423 1.5001533107491376 0.013291925770346562 0.98311188712728692 0.18252216878598765 -0.59722005747190843 -0.18776243366061685 -0.1768371658078812 0.96616452289187182 -1.4502529361122196
0.9796206693164704 -0.045795791282323473 0.19556607514795796 1.6092759634321994 0.011400835482737364 0.9847687280099624 0.17349516789794581 -0.64016147698043124 -0.20053270356290129 -0.16772983585059256 0.96522191073725971 -1.5487227927920044
0.97623977182979482 -0.044937747977315014 0.21198232639641876 1.7045591508920241 0.0087718598921239042 0.98565406172012526 0.16855006700874453 -0.70778165841267171 -0.21651550145831003 -0.1626857996917575 0.96262888394589008 -1.6454369501025632
0.97260748443930622 -0.041974347501352587 0.22863253347780713 1.7980682608980481 0.0049393098467486246 0.98707168657008659 0.16020327334334469 -0.76122865493612435 -0.23240112829089862 -0.15468561576151901 0.96024063434411944 -1.7580789467250764
0.96878113822059897 -0.043192345402056555 0.24412604843946964 1.9183903016460451 0.0052999818122429886 0.98808981970671139 0.15378692527243201 -0.82033051272341884 -0.2478608811829546 -0.14769200889224898 0.95747169884471317 -1.8655188740253801
0.96535169364269169 -0.042748447537673269 0.25742703396167649 2.0583404128405207 0.0056683062927300005 0.98969305639032057 0.14309271273044524 -0.84285301736093021 -0.26089073936220708 -0.13667561730573863 0.95564417946698987 -1.9878478005242521
0.95996743823084929 -0.042755837099466183 0.27682929023212999 2.1608681569122639 0.004177821886202077 0.99035759279597324 0.13847160068278377 -0.89564396369850907 -0.28008045869140535 -0.13177168430770347 0.95088966756081805 -2.1144136387774011
0.95451178278562621 -0.043423083981509895 0.29499439367713515 2.2624052762455453 0.0043377743864352484 0.99125660292141382 0.131876953551677 -0.93256504061811729 -0.29814164458655917 -0.12459848691791374 0.94635446679401702 -2.2608771076436516
0.94827545855609907 -0.047652919831964756 0.3138516431878422 2.3391086658186384 0.007411307613854539 0.99172280643158583 0.12818325835658931 -0.9865672790897756 -0.31736213891967807 -0.11922698702453083 0.94077956947702657 -2.4308502284960247
0.94088905253674326 -0.05317959272520717 0.3345141577483543 2.3809178249973186 0.010767951854692297 0.99179500202004967 0.12738416377597764 -1.0648040458272987 -0.33854370770901165 -0.1162523328180177 0.9337416950554388 -2.6106347774060028
0.93233097535480391 -0.060780609643083412 0.3564613161135094 2.4239956327789702 0.015376551644277927 0.99154465173982198 0.12885171813245558 -1.1571054860760568 -0.36127899752613774 -0.11465130220616794 0.92538238844757503 -2.8060490098745232
0.92050415817104114 -0.066996850684533329 0.38494612192900146 2.4032074512694779 0.017775057314094653 0.99135044579885612 0.13003207662684527 -1.2512583945042168 -0.39032824920482506 -0.1128526278505 0.91373308042334356 -2.9955999754142648
0.90845184407855006 -0.070754306862949548 0.41195761317230872 2.4011458749571988 0.019039266200012162 0.99155072375949871 0.12831472462106458 -1.3260103032221151 -0.41755568890011191 -0.10872437754412818 0.90212319357989845 -3.1871636081397741
0.89597881280186242 -0.077015837384628527 0.43736772606367486 2.4273216701293863 0.023482707347978232 0.99168613380316006 0.1265194628432732 -1.3818056329214659 -0.44347551168669336 -0.10308817980004126 0.89033830520748669 -3.413587302684181
0.88059277794646618 -0.085975711409448277 0.4660091592191779 2.4367246524197732 0.028518031634584339 0.9912360436239781 0.12898770364795201 -1.4556386788318025 -0.47301488486115806 -0.10029597633166702 0.87532715931328375 -3.6278285649612529
0.86203857192314881 -0.096148726930078865 0.49763935015875044 2.4392103140465435 0.030928791659651279 0.98999107260517594 0.13769925928823101 -1.5563895244375263 -0.50589812251398225 -0.10331068904899779 0.85638425438879306 -3.837268039279202
0.84120825512047848 -0.10543482806532818 0.53033213041262628 2.4346230000101148 0.032362411108944659 0.98886379144263492 0.14526209526546477 -1.6389672445858705 -0.53974192524240305 -0.10503284726471047 0.83525250980233035 -4.0551000006316542
0.81665034170793982 -0.11744256744376691 0.56505704379338684 2.4144382716077333 0.034028850312674969 0.98717145642076576 0.15599536202881797 -1.7263550675340795 -0.57612868070831436 -0.10816542414432018 0.81017034275822297 -4.2832825635470924
0.78898120183159004 -0.12966558738608316 0.60057930251066938 2.3729165430883392 0.03477132028575175 0.98533418072608647 0.16705540272148672 -1.7940232589614975 -0.61343265192029495 -0.11092063712706694 0.78191878978405405 -4.5090584214204181
0.76390563511099208 -0.14218335003408689 0.62946967807731313 2.3606000757585441 0.037940628313084986 0.98363409121437517 0.17613768286223852 -1.8260856298749535 -0.64421168055917788 -0.1106700934035682 0.75679815080189317 -4.7788987705958856
0.73517965037942923 -0.15824557670949496 0.6591427911460912 2.3158324379300601 0.041891587635774434 0.98111768039115366 0.18882052883422526 -1.852989529948875 -0.67657665977576731 -0.1112044723730192 0.72792691169574431 -5.0439871533012681
0.7051376909522058 -0.16901419899892775 0.68863273036891193 2.234365355306418 0.044433739038105359 0.97980058200826614 0.19497810731299117 -1.8055900268263705 -0.70767681863523357 -0.10688788534260378 0.69840425280298879 -5.3361313138831656
0.67112769140420547 -0.18756073229144557 0.71722283394546116 2.1346581921932422 0.04893243643833306 0.97656351167460154 0.20959323541082825 -1.7828124785449342 -0.73972511008797737 -0.10556836348104996 0.66457661871093732 -5.5912359444700703
0.6352701398365368 -0.20538314865141091 0.74447942327649308 2.0173238997424425 0.05129488893680402 0.97308191257664889 0.2246784942648764 -1.7404329436363344 -0.77058463766222862 -0.10454354913720693 0.62870498847453726 -5.8307997267798086
0.59921740664918466 -0.22364548747974283 0.76871398809867786 1.8942516824665525 0.055763283433039657 0.96951610631994811 0.2385979375580885 -1.6902242951327273 -0.79864194467194916 -0.10010602137811302 0.59342213364050755 -6.0850653308599538
0.56378817131672332 -0.24231780562494279 0.78957265590980164 1.7728735429857079 0.061264002338075246 0.96562832665544529 0.25260375448145023 -1.6417130064535048 -0.82364410997764437 -0.094042627769096901 0.55925518706706445 -6.3510374779689442
0.52815693983978884 -0.26029563171102382 0.8082675491514113 1.658710358921446 0.06608524375177624 0.96157143061792361 0.26648287820733996 -1.6131033794952723 -0.8465713126827169 -0.087330223471366014 0.52506232450167578 -6.6121273422926992
0.49234910394022485 -0.27855715401178771 0.82462007724655295 1.5461014801916311 0.070133082558660437 0.95702167555441331 0.28140871210721846 -1.6114381142023253 -0.86756769798101507 -0.080718179289900202 0.49072483629020197 -6.8631673737666601
0.45942948131681194 -0.29533784055746493 0.83767542140844675 1.439290643674044 0.074958645449445097 0.95262832152241805 0.29475495331845519 -1.6183787401216343 -0.88504562208360182 -0.072628100403588691 0.45980366012290125 -7.1204781539985316
0.42811859233478433 -0.30983941565602002 0.84894876606496084 1.3322295854398254 0.079694458086126657 0.94867489041754083 0.30604696639833823 -1.6237406369895115 -0.90020179084894192 -0.063367884588354614 0.43083784299334171 -7.3636140286104617
0.40258485067285893 -0.32033920783129333 0.85750115448011599 1.2256542206920791 0.079912497926448861 0.94549067379093288 0.31569190431419525 -1.625549054759573 -0.91188783887266944 -0.058567718927641017 0.40623932800228185 -7.6090829172137102
0.38246101064546223 -0.32470582698534572 0.86503739876251295 1.1043328760512336 0.080174480991805089 0.94434783498380037 0.31902855539763753 -1.5939225149890051 -0.92048662561372763 -0.052662059237856773 0.3872093485223233 -7.8644597838626771
0.3631651771993154 -0.33324256627663118 0.87009220551109145 0.98928428978044303 0.079551686935912025 0.94153120341286156 0.32739963669127559 -1.605246126760226 -0.9283224564640461 -0.049682844335783065 0.36844135463227495 -8.0868075119143885
0.34919465595641902 -0.33978897267415736 0.87327346593178867 0.88378867135143846 0.078318116950896965 0.93926118948219284 0.33414770759315715 -1.6155711436828981 -0.93377158063883259 -0.048289460356657717 0.35459662041497092 -8.2992713724794118
0.33962215680156521 -0.34545922251521682 0.87482267699725014 0.78002663620514223 0.077296331981297414 0.93721147410646444 0.34008812073553102 -1.6321724629224073 -0.93738042846631386 -0.047880877000845513 0.34500051296474871 -8.5041287205236635
0.33596546505458758 -0.34672291052691995 0.87573422315585903 0.67191261702132377 0.075215884563742438 0.93668522393065123 0.34199906721989731 -1.6367194927280673 -0.9388662189044551 -0.049030751429358199 0.34077295728141926 -8.7018616630054044
0.33820417628451649 -0.34483315115917518 0.87561865729628274 0.56467162254421721 0.074700619820872463 0.93734846839152097 0.34029056143602859 -1.6325345309607373 -0.93810327392142123 -0.049678432601115298 0.34277441677028231 -8.8999378874243735
0.3456133496461487 -0.3415518125168101 0.87401016693906397 0.46573025287792175 0.073734769612877143 0.93841107249541456 0.33756161329176915 -1.6305655035544468 -0.93547559898508559 -0.052220861583162075 0.34951163831696264 -9.094624545857922
0.35750839585402877 -0.33674290227561726 0.87108665737736624 0.37117461569484939 0.073393564660263921 0.93997673104119861 0.33325235148091864 -1.6298710040121738 -0.93102155268303999 -0.055208358679607349 0.36076433522670304 -9.2851388244807289
0.37213053948688962 -0.33226240402048174 0.8666721158868137 0.28556391973657574 0.072646580982962145 0.9412942800423858 0.32967795290400098 -1.6369724639375116 -0.92533309454092383 -0.059722468418652794 0.37442207588936394 -9.4651212614555948
0.38999718215081991 -0.32587200670602051 0.86122565751364555 0.19979073964596125 0.072640119202376632 0.94325828407101708 0.32401731838539877 -1.643195840657103 -0.9179464096540082 -0.063806306716434183 0.39153945423995734 -9.6468778976079204
0.41190566524199518 -0.31764338461172997 0.8540704907406379 0.12070512310480663 0.073558543468577653 0.94580780379063145 0.31628585009690841 -1.64049056697781 -0.9082526430593697 -0.067455752172422445 0.41294897732591845 -9.8376491717669712
0.4356484455977343 -0.30825867878022989 0.84568730557159544 0.043983018045967395 0.072418355132754547 0.94848818945114532 0.30842460393352961 -1.6398883580625767 -0.8971989822152856 -0.07312141566159297 0.43553099187486105 -10.018095284010547
0.46174288199895819 -0.29914314997698493 0.83504903253949292 -0.023852997929225839 0.072348772763973362 0.95098065027175138 0.30066835198980257 -1.6438279289176423 -0.88405834988582233 -0.078416698671673016 0.46075118596330578 -10.207124257709001
0.48823036700999189 -0.28707465813688671 0.82414758956444079 -0.05259458407450706 0.069622054394516131 0.95415158196426175 0.29111428713992016 -1.6497915379711874 -0.86993326081440037 -0.08475198694241054 0.48583250450966925 -10.247995976329863
