0.99998827491394293 -0.0048066868013282556 -0.00058804475203989056 -0.014192536833965128 0.0048066233842256967 0.9999884421556412 -0.00010920977906624847 -0.00058732529649731474 0.00058856289271378424 0.00010638198891606453 0.99999982113828079 -0.00033260423054602136
0.99998027742542683 -0.0061719721866026079 -0.0011625487061613967 -0.0010519486159754673 0.0061712838772166063 0.99998078059171513 -0.0005947289222728798 -0.00024014925090612467 0.0011661970130299984 0.00058754277460054639 0.99999914738864393 -0.00049994916799437012
0.9999860163700689 -0.0052546927162445481 -0.00059604427539879871 -0.0079204901648901958 0.0052551103702948654 0.99998594588289436 0.00070132138784603586 0.0022404128975864238 0.000592350670134291 -0.00070444385928008851 0.99999957643967663 0.0025312827826379477
0.99997595164641273 -0.0069270229299449437 -0.00033538362990505886 -0.014696030559876345 0.0069267035978185874 0.99997556440976298 -0.00094411897766513318 0.0003063074321386156 0.00034191536841498882 0.00094177317016221702 0.99999949807846245 -0.00073799901820002908
0.99994649173602934 -0.0089259333657815097 -0.0052288983884307061 -0.0088282213524075275 0.0089109187655224929 0.99995612722263516 -0.0028877598001564165 0.00089558488035690895 0.0052544449336884257 0.0028410109923702686 0.99998215957334957 -0.0024646233538637287
0.99984295173914217 -0.015868754151590135 -0.0078901520413557757 -0.0077735161635788721 0.015839465720481526 0.9998674752139125 -0.0037607625617329683 -0.00039961730183582538 0.0079487850171589425 0.0036351961477247069 0.99996180035325277 -0.0030010934104957861
0.99954779322015186 -0.026203153750964499 -0.014751400009076609 -0.0021045938996414586 0.026202903386137687 0.9996566228641991 -0.00021028048211449142 -0.0036207022074822262 0.01475184472739611 -0.00017634411739329543 0.99989117006796846 -0.00090806279565016745
0.9993139423490861 -0.031609078963326237 -0.019300537656181276 -0.00098965245176081511 0.031590350946868968 0.99950008769818921 -0.0012745267222576912 -0.0021710820152945768 0.019331175695780099 0.00066394156542656552 0.99981291491349344 -0.00025696637319677477
0.99971261094376984 -0.021915106391882093 -0.0097171822985426138 -0.014884890087134483 0.021868994438801071 0.99974919431516773 -0.0048265462194460769 -0.0068449183525489295 0.0098205194478860804 0.0046126541172355753 0.99994113867755663 -0.0069794853957520662
0.99971858113257261 -0.021813090155339526 -0.0093245716336361698 -0.021360974477144752 0.021758148724028026 0.99974553694721391 -0.0059535130998250264 -0.011590229023854148 0.0094520633926598319 0.0057489522525187515 0.99993880215022135 -0.011409452650312074
0.99914967885793027 -0.036391335926604484 -0.019380142093696508 -0.010330063893804444 0.036234037078030135 0.99930797044103437 -0.008406828774793814 -0.0047285218192661821 0.019672666192531683 0.0076974594833483538 0.99977684276161316 -0.006495210276990431
0.99912344408515241 -0.036586965483655816 -0.020340536770719588 -0.01008055895055676 0.036436164346067987 0.99930604113991883 -0.0077357655735696964 -0.0042055519174307816 0.020609449463038589 0.0069878536018351325 0.99976318220610116 -0.0050252280341081751
0.99946863142385745 -0.02910457283562724 -0.014675784128183019 -0.016712204841334458 0.028958359785025572 0.99952980404460701 -0.010078899995076799 -0.0078941605796243423 0.014962225712853439 0.0096485577474260415 0.99984150600738342 -0.0091204603576107816
0.9992299398284733 -0.035406833011797659 -0.016908090562215244 -0.013484868522274089 0.035246737442039315 0.99933181144069361 -0.0096746132922024917 -0.0088661058119614208 0.017239340186832593 0.0090712082291386185 0.99981024116138473 -0.0084012935935355599
0.9991963392389821 -0.036041991932351046 -0.017539967758383266 -0.011803698503908873 0.035893499696268698 0.99931767689871764 -0.008708462396071228 -0.0086080237679169204 0.017841870164608368 0.0080718929191466136 0.99980823772047955 -0.007344267482049297
0.99923575547250298 -0.035145456173072097 -0.017108532832545716 -0.013574508852459781 0.034925442640271753 0.99930545362430556 -0.012993221813770372 -0.0084385210693521031 0.017553302870876298 0.012385768733002367 0.99976921051371448 -0.0086646864635125179
0.99918689069466715 -0.036784076856586703 -0.016507245491960452 -0.013284629315932717 0.03655696693224636 0.99923551630062923 -0.013855364741853868 -0.008929917653567607 0.017004282773400738 0.013240643988261414 0.9997677428853855 -0.0085452374048113691
0.99922948231363806 -0.035947447704285707 -0.015755084219579499 -0.013421975244404728 0.035725979700581591 0.99926186779622095 -0.014119983811661125 -0.0089756305632196342 0.016251032264198832 0.013546238295393446 0.99977617664074803 -0.0084502263393125866
0.99928657380701613 -0.03484538271259887 -0.014565119726510731 -0.014676993997051777 0.034626188177465954 0.9992871595372802 -0.015039942693139031 -0.010361982030167298 0.015078809678943303 0.014524878227603285 0.99978080468227615 -0.0093033060224424532
0.99929670166993279 -0.034638649991446904 -0.014361962204493647 -0.014844007779697417 0.034413622070288925 0.9992854450853188 -0.015630158560926949 -0.010403134303461433 0.014893107385518729 0.015124918757019148 0.9997746907103604 -0.0093514414448959329
0.99920830826429352 -0.036632863068334694 -0.015517410835091467 -0.012923286570707303 0.036368916444487982 0.99919444606183849 -0.016963516022035816 -0.0087046589390128923 0.016126332883275932 0.016385734728496412 0.99973568961258208 -0.0084284003225213785
0.99918617976314117 -0.037202554011415256 -0.015586793941265041 -0.012643661211951941 0.036932596713481057 0.99916862955132457 -0.017263632889035162 -0.0089089979955072705 0.016216086776380263 0.016673922620539492 0.99972947282457625 -0.0083668312273959284
0.99929393122481525 -0.034732220020959895 -0.014328709281354818 -0.014216035766619688 0.03447533978521089 0.99924699985000809 -0.017801242581688515 -0.010298115145139912 0.014936196435110448 0.01729468655898388 0.99973886783143451 -0.0092898626677172299
0.99925436430427306 -0.03568962982606802 -0.014729757015680642 -0.013836667184830242 0.0354184163967768 0.99920536968884999 -0.01828017956457938 -0.010557079455374716 0.015370465146093996 0.017744844542767011 0.99972439666807467 -0.0094059007240180053
0.99932597252693856 -0.034137086794032261 -0.013500368080346626 -0.014882212810101745 0.033877862894357139 0.99924564212855793 -0.018985180873435092 -0.011158611713854745 0.014138282738694699 0.018515020721096027 0.9997286146594474 -0.010088296180405396
0.99937383548176917 -0.032823870680735473 -0.013210997993787334 -0.014299170501767541 0.032556328030165144 0.99927015188181467 -0.019981217762875439 -0.010665355652801675 0.013857216879654456 0.019538604648989696 0.99971306906968083 -0.0098427403639262979
0.99932077139103548 -0.034378519642242762 -0.013270766881895135 -0.013334242426449256 0.034102199274518796 0.99920777621831913 -0.02051487142251689 -0.010248211733521055 0.013965524374927235 0.020048374798205419 0.9997014688380147 -0.0090528797177426394
0.99935553417977685 -0.033721895454237989 -0.012302441677400746 -0.013052459975239156 0.033451668951228961 0.99920804611419101 -0.021546842577000489 -0.0097727717275334133 0.013019299083659919 0.021121419167141678 0.99969214436432197 -0.0087958982902734822
0.99941444297712267 -0.032118799421226564 -0.011796350811445828 -0.013978490967604333 0.031845278084503228 0.99923532684687877 -0.022685674883764936 -0.010744477352578474 0.01251596710000232 0.022296733055545193 0.99967304968304571 -0.010133992855314295
0.99941483871324521 -0.032149648903838451 -0.011678194857852268 -0.013834443275456907 0.031877629636429726 0.99923222758411234 -0.022776568794601326 -0.010767584229528799 0.012401487351953601 0.022390967657796954 0.99967237016874999 -0.010098857602878411
0.99943259014329855 -0.03161630645692419 -0.011614944058383491 -0.013331104156268883 0.031340559340721788 0.99923944091403627 -0.023201488357744746 -0.010450895409368187 0.012339655573322146 0.02282430476105949 0.99966333533470442 -0.0099402805741140594
0.99941841614822158 -0.032123932542964494 -0.011440385559717802 -0.01278696141498307 0.031860831923478133 0.99923944307863821 -0.022481609929822833 -0.010171431301366463 0.012153882216140182 0.022104034787067718 0.99968179676995628 -0.009259964239540985
0.99942970537502862 -0.032000581024833365 -0.01078085469971554 -0.012789460079422272 0.031749520104352627 0.99923793179398668 -0.022705145611055938 -0.010045162761492652 0.011499216804922474 0.022349910025524042 0.99968407486301603 -0.0091454981929379245
0.99943389015700568 -0.032003414763273022 -0.010376928694178196 -0.012384062617627624 0.0317655086533856 0.99924580174971134 -0.022333386343504694 -0.0097775998297376793 0.011083847058933276 0.021991114775437758 0.99969672361437067 -0.0087849218409542656
0.99946091038600327 -0.031113595955299101 -0.010480112457033744 -0.012103024515552225 0.030861898955791115 0.999250220761569 -0.023378184292155456 -0.0094314815567772946 0.011199634066531685 0.02304214518411515 0.99967176000029612 -0.0092390677845034953
0.99942049446760051 -0.032158388388862043 -0.011158552521182419 -0.010849840260273518 0.03188859687061954 0.99921353485058007 -0.023567544654283946 -0.0097964589590485308 0.011907670962870849 0.023198056548764095 0.99965997096242687 -0.0096283944575356762
0.99945153231219241 -0.031274608096132715 -0.010887306702943285 -0.01068136443374176 0.031008108913473376 0.99923474019916747 -0.0238417944104998 -0.0093712034393064886 0.011624617861281134 0.023491123164627037 0.99965645868570441 -0.0095333182647447754
0.99947505474890885 -0.030946044990750661 -0.0095894334606313539 -0.010709153982786258 0.030727448787557975 0.99928210186457134 -0.02216088410087429 -0.0088198532706806488 0.010268340940650615 0.021854592024442315 0.99970842648332792 -0.0083828548751503813
0.9994938210104779 -0.030391794634387757 -0.0094042852347157885 -0.010638427082097722 0.030178645597911644 0.99930166252312846 -0.022032626452305505 -0.0086249343029531009 0.010067328928287846 0.0217376654085112 0.99971302021672048 -0.0083275186245285234
0.99949014796551094 -0.030377022971996803 -0.009832629111275866 -0.0088798394322881138 0.030151082857929067 0.99929512483466376 -0.022364384278759017 -0.0079338923694770233 0.01050506175019579 0.022056517336889035 0.99970153231881753 -0.008210058342131718
0.9995104946529727 -0.029788790401205856 -0.0095602847762541951 -0.0086106627706977624 0.029574608207992709 0.99932454077002908 -0.021812949459308496 -0.0076594047036072522 0.010203608573136357 0.021519530227299175 0.99971635786901192 -0.0079837420393555902
0.9995436935697396 -0.028713639931319545 -0.0093771811786567544 -0.0083108417399237848 0.028508245577138245 0.99936556589600645 -0.021348199817981403 -0.0072098085518228789 0.009984216497873068 0.021071131513267505 0.99972812446068249 -0.0076880687444145449
0.99956494071573887 -0.028211890707200465 -0.0086034013428581343 -0.0078929288367612718 0.028040864654129451 0.99941868730050709 -0.019390651974080436 -0.0064862490556828346 0.009145447030632815 0.019140969078290996 0.99977496673069066 -0.0063778587042833245
0.99959693619743828 -0.027147268517622523 -0.0083060795039827523 -0.0075437194215621896 0.02698885203930931 0.99946222269594931 -0.01862437299005262 -0.0061354302926504185 0.0088072135374731852 0.018392694628695194 0.99979204926524634 -0.0060878341856298885
0.99961547874317791 -0.026353731884775838 -0.008624121566426007 -0.0063443075242710732 0.026180407623590408 0.99946450972936463 -0.01962855185956025 -0.0057453740418199825 0.0091367890262276773 0.019395221246125183 0.99977014582308055 -0.006504359299018111
0.99964752115263844 -0.02509899555555194 -0.0086529691717852648 -0.0056857893620533995 0.024928273009598302 0.99950285702465813 -0.019303367693351729 -0.0053043308991949732 0.0091331625488882823 0.019080860086699077 0.99977622802315469 -0.0063088491438140363
0.99969714396808718 -0.023535260095588199 -0.007191096876184239 -0.006029579538745727 0.023410782404123087 0.99958257219018132 -0.016929756078795172 -0.0050043413435688312 0.0075865413250343298 0.016756279595832577 0.99983082143172075 -0.0052374988539277681
0.99972028085814546 -0.022678966567771814 -0.0067100310229110012 -0.0057847919282293069 0.022567907868387516 0.99961424272089017 -0.016188121694161919 -0.0046445845903972027 0.0070745724502977812 0.016032162204734315 0.99984644831078262 -0.0048358706316915454
0.99972914525029477 -0.02221400816999013 -0.0069407476642166996 -0.004630153818223591 0.022099937487116375 0.99962611006169289 -0.016100709487283957 -0.0042470914441578647 0.0072958138805938816 0.015942958444152666 0.99984628477374837 -0.004820422189124274
0.99975004232005305 -0.021226286608139907 -0.0070212276619666947 -0.0043272266067981863 0.021113868276225221 0.99965355372407771 -0.015715504867387119 -0.0038317920932706378 0.0073523769942975782 0.015563331380259124 0.99985185166047563 -0.0047268868626127282
0.99977679529622676 -0.020104506244792472 -0.0064937212643878051 -0.004129166865524018 0.02000585136939028 0.99968859268844068 -0.014915882796217092 -0.0031190946998763945 0.0067915755309299851 0.014782641078566456 0.99986766525603277 -0.0042744906783295806
0.99978483283374353 -0.019627893427826931 -0.0067107253847234578 -0.0037157902107247268 0.019528543984618844 0.99970323731909339 -0.014562735442378689 -0.0028237656266032391 0.0069945697111481074 0.014428551324016339 0.99987143818655322 -0.0041408038083649715
