0.99999853992973198 -0.001687156162394312 0.00027137149426496995 -0.012077850448696104 0.0016876094650952757 0.99999716654670212 -0.0016789499279809474 0.0027635091482406623 -0.00026853807462917005 0.0016794054456983547 0.99999855374127988 -0.0015212876392989064
0.9999860163700689 -0.0052546927162445481 -0.00059604427539879871 -0.0079204901648901958 0.0052551103702948654 0.99998594588289436 0.00070132138784603586 0.0022404128975864238 0.000592350670134291 -0.00070444385928008851 0.99999957643967663 0.0025312827826379477
0.99997595164641273 -0.0069270229299449437 -0.00033538362990505886 -0.014696030559876345 0.0069267035978185874 0.99997556440976298 -0.00094411897766513318 0.0003063074321386156 0.00034191536841498882 0.00094177317016221702 0.99999949807846245 -0.00073799901820002908
0.99994649173602934 -0.0089259333657815097 -0.0052288983884307061 -0.0088282213524075275 0.0089109187655224929 0.99995612722263516 -0.0028877598001564165 0.00089558488035690895 0.0052544449336884257 0.0028410109923702686 0.99998215957334957 -0.0024646233538637287
0.99984295173914217 -0.015868754151590135 -0.0078901520413557757 -0.0077735161635788721 0.015839465720481526 0.9998674752139125 -0.0037607625617329683 -0.00039961730183582538 0.0079487850171589425 0.0036351961477247069 0.99996180035325277 -0.0030010934104957861
0.99954779322015186 -0.026203153750964499 -0.014751400009076609 -0.0021045938996414586 0.026202903386137687 0.9996566228641991 -0.00021028048211449142 -0.0036207022074822262 0.01475184472739611 -0.00017634411739329543 0.99989117006796846 -0.00090806279565016745
0.9993139423490861 -0.031609078963326237 -0.019300537656181276 -0.00098965245176081511 0.031590350946868968 0.99950008769818921 -0.0012745267222576912 -0.0021710820152945768 0.019331175695780099 0.00066394156542656552 0.99981291491349344 -0.00025696637319677477
0.99913177901863914 -0.036116153618123842 -0.020768042827413635 -0.0027923691607551603 0.036051521050261603 0.99934387951259518 -0.0034782625947586796 -0.001723849981366112 0.020880037955227745 0.0027265231610299908 0.99977827046122614 -0.00077188628915963824
0.99914341522011618 -0.036026739385236768 -0.020359515503830927 -0.0091509578356146325 0.035940223832517826 0.99934335661881535 -0.0045995535335255572 -0.0065670534483186268 0.02051185347917198 0.0038638880816451782 0.9997821433871189 -0.0052656578133762136
0.99914967885793027 -0.036391335926604484 -0.019380142093696508 -0.010330063893804444 0.036234037078030135 0.99930797044103437 -0.008406828774793814 -0.0047285218192661821 0.019672666192531683 0.0076974594833483538 0.99977684276161316 -0.006495210276990431
0.99912344408515241 -0.036586965483655816 -0.020340536770719588 -0.01008055895055676 0.036436164346067987 0.99930604113991883 -0.0077357655735696964 -0.0042055519174307816 0.020609449463038589 0.0069878536018351325 0.99976318220610116 -0.0050252280341081751
0.99904024468018737 -0.038200848443452923 -0.021430928294212448 -0.011016209755584113 0.03801593400664955 0.99923686743212103 -0.0089705922905824777 -0.0070925832644940711 0.021757257891411804 0.0081472659611757023 0.99973008546627451 -0.0069464450149367427
0.9990199155431565 -0.039185495950977735 -0.02058410200179496 -0.011011934962146782 0.03899881649830813 0.99919510126464872 -0.0093937170736413996 -0.0075234721233804506 0.020935631346479178 0.0085817548207950799 0.99974399364253252 -0.0066799446947353527
0.99898165405010597 -0.039816882386421164 -0.021219584075572364 -0.0093356805889800842 0.039645655633072881 0.99917824138329225 -0.0084299428002249741 -0.0072587248106771784 0.021537800740516127 0.0075800938791793469 0.99973929867543199 -0.0056167780524219429
0.99902576950181532 -0.038936331626061339 -0.020771951059327172 -0.011102198588960496 0.038677653871316539 0.99917086476753725 -0.012713067714063834 -0.0070963171807119137 0.021249728523356257 0.011897271922466724 0.99970340799583479 -0.0069438216309974082
0.99900029877912733 -0.039288545672746547 -0.021326350323830817 -0.0098160948034473339 0.038981558993189357 0.99913290344229233 -0.014624613411489577 -0.0067129021998367112 0.021882438110840126 0.013778658784349486 0.9996655978198058 -0.0072260619562793931
0.99904857606116571 -0.03845347669228049 -0.020573594737754639 -0.0099537882594007022 0.038151227609672822 0.99916107262961662 -0.014887403182186785 -0.0067590192429812269 0.021128807397296761 0.01408833105482293 0.99967749420803587 -0.0071317517910630584
0.99902291936202947 -0.039425854337231538 -0.019970192766907729 -0.0095672335919335539 0.039116076221001786 0.99911176187994788 -0.015672263851120839 -0.0067036025511923343 0.020570346872156323 0.014875795203140281 0.99967773384557956 -0.0069245491746267656
0.99903502119768262 -0.039222403946784348 -0.019764347932098063 -0.009733794272006293 0.038903663196267639 0.99911063791789245 -0.016261555559455899 -0.0067454790038273269 0.020384587571425732 0.015476957967804126 0.99967241252402561 -0.0069736209043096799
0.99902643721457929 -0.039152501073241565 -0.020328782699759899 -0.0094558747761673105 0.038794201555502374 0.99908990876027381 -0.017730316947500616 -0.0064868480641812826 0.021004467906026482 0.016924416477314321 0.99963612202385277 -0.0071073099815279076
0.99900249649789152 -0.039723519501045468 -0.020397401536234615 -0.0091760533026592588 0.039357760575874964 0.99906249265738234 -0.018030597540569453 -0.0066905493223820981 0.021094517615542388 0.017209815910344518 0.99962935309188461 -0.0070445303262737227
0.9990813511025467 -0.038328263468207946 -0.019167631533955599 -0.010121638993439489 0.037967247345946982 0.99910105119513959 -0.018856766152732029 -0.0077753448137935048 0.019873147915756444 0.018111701197810619 0.99963844677545277 -0.0080609188837064763
0.99903634120421314 -0.039287716678480675 -0.019566917782073451 -0.0097407982402950479 0.038909742099306546 0.99905560846584751 -0.019337092922689807 -0.0080328592630027184 0.020308149178702693 0.018557114838431095 0.99962153466489945 -0.0081753500618321675
0.99904587652264953 -0.039107346719386413 -0.019440988546385818 -0.0098774091829233641 0.038720320769174782 0.99905189708547815 -0.019900846450326248 -0.0079674761904240596 0.02020082579062598 0.019129097272922935 0.99961292722478323 -0.0082347763974648849
0.99910186117961042 -0.037800466568312714 -0.019146689391547018 -0.0092982651254044178 0.037399273562576295 0.99908191576796801 -0.020895452194160783 -0.0074716024653522601 0.019918968960016176 0.020160612903003469 0.99959831150464895 -0.0079852990568026645
0.99911426142282911 -0.037987933078632137 -0.018099987898564145 -0.0092411990187685911 0.037595179644826185 0.99906030003057444 -0.021566626307605506 -0.0077225852754978994 0.018902250897394446 0.020867051618089733 0.9996035569503442 -0.0078195630344731672
0.99915594925191276 -0.037336582951774486 -0.017128007706512481 -0.0089623526275950348 0.036945727201199707 0.99906179536530793 -0.022595182739292681 -0.0072464179090675198 0.017955565044955293 0.02194330455817356 0.99959796371790577 -0.0075607323321910981
0.99918474068456176 -0.037045529107795995 -0.016046269231461619 -0.010092188101143006 0.036681443959474348 0.99907550239274012 -0.022419013977913561 -0.0088360539670153219 0.016861958728838569 0.021812136342352632 0.99961988028250492 -0.0085015898504302041
0.99918547930450197 -0.037076773936197967 -0.015927673449590209 -0.0099481850001174738 0.036713760006306967 0.99907228448780372 -0.022509335719216535 -0.0088584526880496322 0.016747470651773202 0.021906236618944239 0.99961974721589153 -0.0084658189749839859
0.99920609614773237 -0.036545367554104355 -0.015862330583619851 -0.0094470789741886805 0.036176761846044313 0.99908221681701637 -0.022933947377867355 -0.0085392824741070735 0.016685901939757931 0.022341892272849523 0.99961113465493434 -0.008305158223457244
0.99921652289532426 -0.036252070479372747 -0.015878531384749216 -0.0090471231443049159 0.035881458388728651 0.99909055142597625 -0.023034560886560543 -0.0083785277686588121 0.01669914120174476 0.022446768972333664 0.99960856401184706 -0.0082159766798674018
0.99923122660494601 -0.036129829058666775 -0.015218121755542999 -0.0090506494149529271 0.03577052502255948 0.99908941247814187 -0.023255438368085933 -0.0082523283953589537 0.01604447933668959 0.022693200000725226 0.9996137220729524 -0.0081014614105588186
0.99923722865566966 -0.036131068975057856 -0.014815759287211615 -0.0086479716975288948 0.03578674097737853 0.99909745293162 -0.022882061003488004 -0.0079833170470432341 0.015629140691509627 0.02233439948306069 0.99962838323097647 -0.0077389205432676486
0.99933433898636215 -0.034210579422057602 -0.012669458484783501 -0.010033527540974762 0.033918010898662761 0.99916840297673293 -0.02262898649085399 -0.0089194818604556858 0.013433073340407178 0.02218420042580185 0.99966365033049942 -0.0084539915062619431
0.99931320291443115 -0.034860410660682191 -0.012564802006778309 -0.0094727039489220354 0.034574729082306438 0.99915376597197303 -0.022278690556423966 -0.0090305848596026229 0.013330813545543952 0.021828964991322343 0.99967283933175932 -0.0082588168293291717
0.99934700768512752 -0.033977121824096165 -0.012292819991047785 -0.009305504148749786 0.033693954619995019 0.99917771934902266 -0.022552218927447177 -0.0086047556341483401 0.013048971332924758 0.022123298782874098 0.99967008757795495 -0.0081640563881967467
0.99935099900076074 -0.034040441277958293 -0.011782578401321157 -0.0086434671562472289 0.033782876911189148 0.99919986698311491 -0.021408947861324228 -0.0083029375182973927 0.012501920803814501 0.0209970040369413 0.99970136930869902 -0.0075951143499855215
0.99937189211144672 -0.033485990102644116 -0.01159783274721902 -0.00857345989562887 0.033233976612094415 0.99922102618783726 -0.021280122712808606 -0.008107760624778684 0.012301384317775254 0.02088131439759125 0.99970628019078456 -0.0075397721166463837
0.99944905502794767 -0.031643367623726507 -0.010014174412905509 -0.0087017061193933164 0.031424976916844011 0.99927994455509939 -0.021261778752808762 -0.0079421010508970262 0.010679757933502777 0.02093536948294121 0.99972378839112086 -0.0075230879867862147
0.99947019283458061 -0.03105505998738016 -0.0097425296708055897 -0.0084329237482708846 0.030848192562304692 0.99930950439197452 -0.020709984246861064 -0.0076670214250754007 0.010378952299980808 0.020398472517482377 0.99973805552660056 -0.0072970219362756264
0.99950478418683897 -0.029979868099539026 -0.009560015499711751 -0.0081337326852882145 0.029781628677520128 0.99935138711891713 -0.020244990906657469 -0.0072167175066956413 0.010160756907573244 0.019950252435259438 0.99974934180865282 -0.007001787899521536
0.99954724848914289 -0.028720549546172432 -0.0089681699108269779 -0.0075449473188483789 0.028540458448542069 0.99940042512635463 -0.019601849117075389 -0.006522132817267311 0.0095257687002494231 0.019337018669572617 0.99976764272486929 -0.0064555218254046106
0.99957989854696072 -0.027655669118756335 -0.0086712390372791701 -0.007196022646802221 0.027488532031770017 0.99944464948611833 -0.018835424611842896 -0.0061711989193298893 0.0091873297310002336 0.018589152190563465 0.99978499508306784 -0.006165293959589895
0.99962102524511764 -0.026324148105957141 -0.0080526464218610098 -0.0069469746804817567 0.026169962609733755 0.99948281022300878 -0.018688101180221621 -0.0059463214690782711 0.0085404300187411648 0.01847028140588812 0.99979293344166131 -0.0061171426458596729
0.99965304241572328 -0.025069591077523677 -0.0080814845290918882 -0.0062883366429943577 0.024917824529172773 0.99952083796408819 -0.0183629108885358 -0.0055051071795914047 0.008537962855480339 0.018155166723902487 0.99979872630020172 -0.0059224240521343723
0.99968842308218675 -0.023827574786081822 -0.0074366279498487781 -0.0058199568907458506 0.023697709000810148 0.99957311658511094 -0.017088100785081946 -0.0050316309620365126 0.0078406213761229304 0.01690654548220524 0.999826331607792 -0.0053043640605019982
0.99971193114530998 -0.022971109091454188 -0.0069557798141922384 -0.0055753735836964668 0.022854921198966479 0.99960514707793557 -0.016346330239164788 -0.0046718664545090808 0.0073285266393761581 0.01618264757100368 0.99984219485621262 -0.0049026183328982178
0.99972914525029488 -0.022214008169990133 -0.0069407476642166996 -0.004630153818223591 0.022099937487116375 0.99962611006169289 -0.016100709487283957 -0.0042470914441578647 0.0072958138805938834 0.015942958444152666 0.99984628477374848 -0.0048204221891242748
0.99975004232005305 -0.021226286608139907 -0.0070212276619666938 -0.0043272266067981863 0.021113868276225217 0.9996535537240776 -0.015715504867387122 -0.0038317920932706365 0.007352376994297579 0.015563331380259121 0.99985185166047574 -0.0047268868626127291
0.99977679529622687 -0.020104506244792476 -0.0064937212643878051 -0.0041291668655240197 0.020005851369390284 0.99968859268844079 -0.014915882796217092 -0.0031190946998763945 0.0067915755309299868 0.014782641078566456 0.99986766525603277 -0.0042744906783295815
0.99978483283374364 -0.019627893427826931 -0.0067107253847234578 -0.0037157902107247281 0.019528543984618844 0.99970323731909361 -0.014562735442378688 -0.00282376562660324 0.0069945697111481082 0.014428551324016341 0.99987143818655311 -0.0041408038083649698
