0.9999976506298649 0.0001272065399195715 -0.0021639208042435764 -0.0092163315847570114 -0.00012660663965198405 0.99999995352023141 0.00027736310854716001 0.0037253239103944035 0.0021639559860663778 -0.00027708849017705816 0.99999762025539785 -0.064601221513104545
0.99999930903515932 0.00015368490531468895 -0.001165465638036242 -0.020091470671758222 -0.00015161020992485017 0.99999840426608044 0.0017800223698075193 -0.010669278617033935 0.0011657373408325534 -0.0017798444433846038 0.99999773660254343 -0.059576984181063275
0.99999623632172341 0.00058255901907202983 -0.0026810384884791562 -0.012573419142826758 -0.00058033313221338416 0.99999948637914349 0.00083093616184902323 -0.044788107482606726 0.0026815211807972297 -0.0008293771390090384 0.99999606078110048 -0.11947883824565096
0.99994043821567991 0.0049438205438074355 0.0097302959597655673 -0.11088803277799576 -0.0048430936290262726 0.99993472574163711 -0.01034836702565088 -0.006396373247645604 -0.009780821291409416 0.010300625924074755 0.9998991112309471 -0.18273876097331881
0.99977444328252041 0.013020217369442783 0.016779049400324746 -0.070995090966454927 -0.012948523907520533 0.99990659589969377 -0.0043743805164808318 -0.1691981012398158 -0.016834437553492759 0.0041561299232649555 0.99984965284602612 -0.35489255623149291
0.99910645635076756 0.022182079923597494 0.035975605741601746 -0.15848788308992928 -0.022102025292575204 0.99975228351080581 -0.0026214676987881586 -0.27863309923340335 -0.036024843596862442 0.0018239915549576424 0.99934923009858234 -0.46778622999587821
0.99806432546450252 0.029271643928250293 0.054870512088240411 -0.24646233991541669 -0.028295567908581537 0.99942872238582459 -0.018482145626773954 -0.22390774165204938 -0.055380168578823066 0.016893777907151398 0.99832241144642497 -0.53549692264150284
0.99678927744318158 0.032133760689060042 0.073338651462091231 -0.32404247190397484 -0.030066255262210476 0.99912353788480657 -0.029123467153747508 -0.22726218694578296 -0.074210219436459543 0.026824941165378695 0.99688177125608368 -0.58392889364758793
0.99442570375172668 0.034706590904547287 0.099563910457896102 -0.42846210267769397 -0.029849255745797078 0.9983096710872329 -0.049868051346756571 -0.16274708752708852 -0.10112636475867982 0.046618163428916254 0.99378076314105102 -0.68464773303877391
0.98931105585028711 0.044484302229071668 0.13886965697222306 -0.62593442068771743 -0.032902434751813189 0.99587069690805308 -0.084610784343787937 0.054371318291054439 -0.14206007377089791 0.079137234567938544 0.98668953250003932 -0.67201300233659811
0.98285717490364644 0.060627820741698993 0.17411502259292752 -0.69433682065493418 -0.037602924700238939 0.99045370809678113 -0.13261776717817372 0.44381901997238726 -0.18049319597816257 0.12379708990702709 0.97575431679093294 -0.63828119797849125
0.97210094932941626 0.086506592460790746 0.21802833250215628 -0.82250629193216773 -0.044599832104678529 0.9807191890155087 -0.19026488712580975 0.9219710287038031 -0.23028373648410919 0.17523265037539465 0.95721623416725032 -0.52145584980062654
0.96421328981112497 0.11351074480385256 0.23959975493660732 -0.66170356083550963 -0.054634651169305742 0.96938659731063714 -0.23938395904093657 1.3015197431837393 -0.25943744263929192 0.21772674564366035 0.94089706003802842 -0.48826622843992507
0.96023153167749642 0.14300999335424963 0.23979897283580504 -0.22613543174271766 -0.065593676353372182 0.95037278476947884 -0.30412010718128202 1.7970354176465082 -0.27139063210571363 0.27629642011854383 0.92195846600318077 -0.46348193183441561
0.95347380949397431 0.17270159644049662 0.2471069671133376 0.13419285735877776 -0.070982275660705405 0.92521688490908616 -0.37274016743725708 2.3326399729593721 -0.29300036032584648 0.33785777254050353 0.89442882018799785 -0.33307028281914391
0.94401745470091381 0.21814878031801224 0.24747152334313513 0.63152651621902234 -0.09349649886428997 0.89631298212937371 -0.43345293027786619 2.680370923839221 -0.31636916714516933 0.38604941097236839 0.86653124719640628 -0.1397752190186988
0.93647458480804657 0.25596014555006247 0.23979106717846638 1.1787693997538371 -0.10954767836373729 0.86293499852891564 -0.49329757193707674 3.0142586412624501 -0.3331886225154036 0.43569208416482746 0.83615653416235225 0.091993137546924453
0.93216008556743601 0.28648763629929413 0.22136487779806885 1.769366913368758 -0.12918190463964402 0.83437098581581615 -0.53585174586112627 3.2468886370065762 -0.33821533139197651 0.47090327273909088 0.81477634804590959 0.1485216758630612
0.92372988794743527 0.31757687181081584 0.21416821567047586 2.2337737277764509 -0.13988342766799286 0.80018466057135085 -0.58321277047932107 3.5464089733248332 -0.35658900821039374 0.50877248301885247 0.78357822822380629 0.28538951597849371
0.91625905121325701 0.34502644490537676 0.20353403495666189 2.6812667939001558 -0.15851167383561757 0.77889701796864708 -0.60678948957392131 3.5215423902158469 -0.36789047327650859 0.52371384143967992 0.76836216197629137 0.33194377929221103
0.90570973989920767 0.37298372712188393 0.20142742205066749 3.0658534832669453 -0.17204476254942933 0.75772401319481897 -0.62948782316042329 3.531507373322917 -0.38741510906393428 0.53547871958669468 0.75044791567354896 0.38622996944678739
0.89252024875482727 0.39915519870791738 0.20995888384887282 3.2865074836673616 -0.17415247809204301 0.73444211662638337 -0.65594640916751612 3.5619260099603429 -0.41602706635148379 0.54888059236030662 0.72501832762570717 0.51748391027164697
0.87900773636233398 0.4285172768013189 0.20908931799101352 3.584087906310955 -0.17537948325298744 0.69834970268461349 -0.69393784275987369 3.7074830202043398 -0.44338181770239576 0.57330675579753443 0.68900792991650395 0.77879730515481338
0.86422519385476737 0.45752717366761553 0.20924554872783666 3.8473787199027161 -0.17635581753752308 0.66501515835451352 -0.72570893943742598 3.7507707024369004 -0.47118302168834758 0.59027427905546204 0.65541043290307288 1.020909654514617
0.85554230479195603 0.47568460429057791 0.20438082579387098 4.111415035287421 -0.17768968810588609 0.64056415907556297 -0.74706354003434683 3.7684599141616366 -0.48628565622697656 0.6028280976768865 0.6325539859957926 1.1897445908563891
0.84304614427524915 0.50191833755608395 0.19326453644570357 4.3985773424270835 -0.18513985504731989 0.60819067432218465 -0.77189852813733484 3.8114329290163695 -0.50497171474815594 0.61496510965457518 0.60565789123220659 1.4266502578224296
0.83748574198084413 0.51510137683813406 0.1824505509946561 4.63233702112906 -0.19284417096677456 0.59098390908723542 -0.78329377944938883 3.8624375511184126 -0.51130104410506771 0.6208128468221551 0.59427489558085722 1.5366028261324067
0.83560469333468801 0.51597420844622288 0.18850838892562838 4.6514463852385672 -0.1925668218859235 0.59651694966015301 -0.77915694688355419 3.9002967698793798 -0.51447333807088302 0.61476674030598011 0.59781187628530963 1.56212883896738
0.83634517795674446 0.5131075718157182 0.19299575916034759 4.6359676176404312 -0.1955618581005652 0.6081400144655108 -0.76936420664217453 3.9476639554317816 -0.51213504367964857 0.60571143505077218 0.60895923877052582 1.554537394156857
0.84028755808979183 0.50587616432651306 0.1949515993414502 4.6535914791966206 -0.19957665534782215 0.62298398859012005 -0.75634655324164857 3.9503729935769711 -0.50406941819522344 0.59664081014178039 0.62444676739790161 1.5401926806829127
0.84201682279857526 0.50287971882710469 0.19524256328107581 4.6699187846269208 -0.20712624107690611 0.63556740333130834 -0.74374242589760176 3.9809382940411475 -0.49810279097947646 0.58580377620417434 0.63931803150183864 1.579132398765746
0.84789945160059954 0.49266308326660541 0.19583055522988335 4.658333936785203 -0.21314120509981671 0.65499171251172561 -0.72495288345488706 3.9838981948239938 -0.48542491351804395 0.5729475917806085 0.66037391711726545 1.5959468400664747
0.85145295334126403 0.48516886712159929 0.19909555148818173 4.6164467318419042 -0.21338816868444982 0.66730682892572357 -0.71355944779295855 4.0622172620865182 -0.47905465002642034 0.56507766408259241 0.67170966633138829 1.7118918847522073
0.84521070153360767 0.50706520809684086 0.16883052079163444 5.2516785049933112 -0.24258986890239459 0.64549648303799678 -0.72421298379102284 4.3704270310906601 -0.47620271473290238 0.57115599018419194 0.66858941762319979 1.7320362478878233
0.86524369254279665 0.46119519650022783 0.19660199195334391 4.5008006800233868 -0.2247338202173314 0.70732488830327744 -0.67021355733622734 4.1385490000833896 -0.44816075527139881 0.53571493642782886 0.71565455655832777 1.7957408783636579
0.87473470561263456 0.45035390350059318 0.17894288585623125 4.511848396594492 -0.24198447342133611 0.72585170974658664 -0.64388105274262852 4.2350479949718434 -0.41986034513844783 0.51992370311396208 0.74390633383544202 1.7465799419003027
0.88560239570510413 0.4348413381215584 0.16316067964443126 4.5357575095465785 -0.25899414360898892 0.75398297482753973 -0.60368179303873337 4.1891608727112741 -0.38552617329777589 0.49236438166348495 0.78035048880071045 1.6617169942400727
0.89454563448349067 0.42151464085516505 0.14870613763819715 4.5749146982303222 -0.27196158093708234 0.77730211274553951 -0.56730796223526014 4.1976673922573164 -0.35471820692027084 0.46704050473814551 0.80996799974641376 1.6436963147701003
0.90159276113747699 0.41043194179652537 0.13666058033549378 4.5442230896564277 -0.28398959208305657 0.79988236684650715 -0.52871363780077485 4.1974633264491574 -0.3263133534702487 0.43787420609252986 0.8377265514389749 1.6435031833629929
0.90739546638170954 0.40058080518569739 0.12715536208394099 4.4696178684211691 -0.29169954454122354 0.81808435659820011 -0.4956302666340624 4.2495490503321731 -0.30256378386112665 0.41264149573944614 0.85917527471962907 1.6822512805910859
0.91449232946494496 0.39020073474512496 0.10699142934900634 4.5121863038747296 -0.30260505989474956 0.83514112821885889 -0.45931413399048199 4.3136045022112031 -0.26857765557818436 0.38766310446274888 0.88180687248537015 1.6614854945704165
0.92112839349975417 0.37764431195244735 0.094378262002035904 4.5019876822004958 -0.30861684743860396 0.85627214894228965 -0.41419035288477052 4.2698240058694568 -0.23723010805043221 0.35239577267004213 0.90528398596167836 1.6680454087838126
0.92571542683621411 0.36801693108936534 0.087261027664192803 4.4399629834742207 -0.31346759926149265 0.8756266720621364 -0.36744522773690247 4.2149668662136088 -0.21163414830948693 0.31279621098241145 0.92594250235333997 1.6864876393245705
0.93003415371002218 0.36005422434007794 0.07346719313916894 4.438392261398838 -0.31926314849691989 0.89070032013134426 -0.32361084921515632 4.192837279488618 -0.18195470575040612 0.27751377488835699 0.94333376373503008 1.6884796175942709
0.93422951617174466 0.35097486175932163 0.063496909582539451 4.4070719956557491 -0.31976605726601703 0.90304550720377852 -0.28680739275621331 4.2109319353174426 -0.15800278394400025 0.2476397753433314 0.95588161502031732 1.6825774824018318
0.93859614097095723 0.34156173695177472 0.048712051947272322 4.4285804832215332 -0.31925637040383686 0.91334588563229901 -0.25273437272187516 4.2320851138302142 -0.1308153435610489 0.22166387402785839 0.96630868403423065 1.6732421419471226
0.9414537374489258 0.33465209602881096 0.040900303996088544 4.411550594972292 -0.31855639553496301 0.92270669930026727 -0.21710405323295678 4.2229990428769941 -0.11039331097136798 0.19136436891419961 0.97529123609455703 1.6689818842362236
0.94531046431263022 0.32496584219708802 0.028023694727446823 4.4606261352766303 -0.31446366469154097 0.93082069974061188 -0.18624024410197682 4.2126673415140967 -0.086606752911109544 0.16724241788354738 0.98210449750047435 1.6350427491707347
0.9474151345735784 0.31912921867069927 0.023687645969099159 4.4655288431632645 -0.31149581398844772 0.93664500960345354 -0.16020762732348617 4.2288685160080881 -0.07331385031904078 0.14440452823777974 0.98679907355845331 1.6308119698038788
0.94887270157060599 0.31489514476528346 0.021946389619953571 4.4849547588868814 -0.30941715278134241 0.94161681188465718 -0.13273584723375048 4.2099912944171081 -0.062462963256533603 0.11915883256991601 0.99090844725523852 1.6172989970256495
0.95031531097762789 0.31034792827871499 0.024186217864813384 4.4885219942159553 -0.30587290057142352 0.94538867958263761 -0.11261444495721136 4.2175511013064648 -0.057815036258041852 0.099621322667922396 0.99334435804124599 1.5871447924503135
0.95134134146681404 0.30707727496153675 0.02555776238874655 4.5106212660661384 -0.30358610461610974 0.94826059348115876 -0.092937204255222741 4.201743211050057 -0.052774322356040751 0.080656023042035188 0.99534389878418572 1.5693691635222558
0.95293363994428404 0.30159174575738978 0.030982200592393001 4.5308189555489733 -0.29848767485986616 0.95118429308344477 -0.078444557160445738 4.2007098484110843 -0.053128013507828968 0.06550465237185564 0.99643692961388908 1.5396037922543999
0.95379366703104695 0.29817666985681135 0.036990732414625027 4.5586223806633237 -0.29538241031988371 0.9530774948522831 -0.066276092821711166 4.1874128669694883 -0.055017019231180714 0.05228730590878012 0.99711542222338412 1.5013092923895759
0.95471878592986748 0.29415621351844018 0.044543931585498707 4.596560014284365 -0.29160344885535544 0.9549028033243081 -0.055929105294469976 4.1679757975084453 -0.058987018980974318 0.040407403428971693 0.99744061143501994 1.4642245205420799
0.95441208423719925 0.29326462459821429 0.055618642749295934 4.6208471482601023 -0.29077773356126163 0.95555134702572675 -0.048681956229131691 4.1602910366406931 -0.067423164617075385 0.030289984426995903 0.99726457558485015 1.4222815592291043
0.95425048849413763 0.29138613169810024 0.067082989369266696 4.6534754080362628 -0.2888140594539908 0.95630321312882294 -0.045503885781279715 4.1537214251289791 -0.077410879535155672 0.02404759475512076 0.99670921984101635 1.377857010627402
0.95336982279196958 0.29098288149606144 0.08009334345535625 4.6867619200315165 -0.28822581183524382 0.95653618722234157 -0.044321596610005967 4.1446777747314725 -0.089509007264761534 0.019169903765919493 0.99580151255563087 1.3217639948222055
0.95259923415492842 0.28991657489078215 0.092212139607761784 4.7309402207260698 -0.28698483592920726 0.95692874853721266 -0.04389845293048554 4.1280852604624325 -0.10096733647140478 0.015354146886152028 0.99477125367557162 1.2641985479032032
0.95173964384852394 0.28801208449758964 0.10602211802467526 4.7750937835674918 -0.28470208554665571 0.95753738513323783 -0.045462936086290963 4.1107570339364052 -0.11461401664922841 0.013084160483376047 0.99332393101745797 1.2074792610046943
0.95012381376329091 0.28627050337017784 0.12374949462557119 4.8045384807665252 -0.28281809606935121 0.95811745028750417 -0.044998622093117703 4.0761997992279264 -0.13144832846258067 0.0077556659776576017 0.99129268462429232 1.1528481458036115
0.94927088969670148 0.28301358319679609 0.13706965273372118 4.8578092491839779 -0.27847539893651491 0.95905463863846085 -0.051629955386387927 4.056948077669313 -0.14606926494503061 0.010840287457524894 0.98921497057326058 1.0760888397593491
0.94750745514499535 0.28065753448528286 0.15316974499324856 4.9023917677193039 -0.27496782204771925 0.95972725589014329 -0.057587248066816921 4.0301640656907125 -0.16316347410798868 0.012447595680195165 0.98652052086046038 1.0032783562152801
0.94527773320126518 0.27892648991411234 0.16926316887636936 4.949177074074754 -0.27124533282379343 0.96014747155266589 -0.067400313740607884 4.0151132559437466 -0.18131733655441556 0.017800171213095125 0.98326353403835609 0.92562386662225826
0.94254766972065274 0.277720405921212 0.18567516376490636 4.9950539170509138 -0.26782224657744286 0.9603916305290765 -0.076936078974127964 3.9905651157385376 -0.19968759235961298 0.022787982461356587 0.97959459640861735 0.84627269300405827
0.94036297191098761 0.27509852945283719 0.20009567749359752 5.0525604083556255 -0.26285480291098212 0.96100248247693998 -0.08591612921790398 3.9540939465035279 -0.21592784360837769 0.028196236735517601 0.97600212017627841 0.75791424508462435
0.93654930019105187 0.27555544087046674 0.21666704252916244 5.086752786573518 -0.25974907665992863 0.96059755309532802 -0.098907826594172951 3.9453128834496178 -0.23538442065261178 0.036352991540603161 0.97122223745138958 0.6825512212406708
0.93287754601180028 0.27605376330193376 0.23137373211719955 5.1349852703259193 -0.25728889305955166 0.96024536327914067 -0.10831097732502443 3.9065871069613585 -0.25207520634761421 0.041510987313617034 0.96681690524993236 0.59188539920869321
0.92915207414658885 0.27807877886375965 0.24361571348074459 5.1942944591195364 -0.25553004955902647 0.95927648324956527 -0.12038696963005593 3.8749860010735708 -0.26717188639797684 0.049606667192896657 0.962371218235749 0.49523752039505703
0.92563879138275962 0.28064937300919002 0.25382820433713138 5.2591455782830163 -0.25406550222826968 0.95803210333971389 -0.13275996967452552 3.8402474480933266 -0.28043457073791933 0.058398787658926518 0.95809500214488474 0.38765964558040694
0.92179314658408917 0.28241008166437281 0.26559732808318381 5.319243703377877 -0.25220606041837551 0.95713730760483806 -0.14240883918916089 3.7916041538748164 -0.29443080341371691 0.064286236204057629 0.95350814460909006 0.28223009588902775
0.91752946291129078 0.28553739439492154 0.27678164876284206 5.3759829227900449 -0.25050985425529393 0.95556733813756578 -0.15535725025140712 3.752026908123721 -0.30884380779078224 0.073208323890429097 0.94829111759124085 0.16635685601492214
0.91340125390731897 0.28798135978664641 0.28768886974641844 5.4366281846108402 -0.24933935051762304 0.95446432881127752 -0.16379173761300397 3.6904540275912128 -0.3217577312886008 0.077875422581655432 0.94361399995641293 0.052921158994472833
0.90996767425067404 0.29087168084830028 0.29555455858318935 5.5200928024234095 -0.24756027115825452 0.95283766613983467 -0.17554000720418284 3.6452711748186699 -0.33267513276899852 0.086568165428624277 0.93905974717876795 -0.074984778797297771
0.90586160554767103 0.29366639023428009 0.30524547964116272 5.5962358892830926 -0.24499239253663987 0.95112425385014066 -0.18799303534223324 3.6027300683531434 -0.34553361514296832 0.095512852458612824 0.93353297521911383 -0.19917915535013608
0.90104859150720595 0.29481617834305063 0.318111390443786 5.659413770267772 -0.24143206428288463 0.95025082880003187 -0.19680935115221823 3.5373772387307341 -0.36030819318881074 0.10053249898441143 0.92740024939017773 -0.3253493883535758
0.896188765613813 0.29751401123509974 0.32913691604921919 5.7419265450133903 -0.23804170406956515 0.94846099333028366 -0.2091838694894736 3.4901028645714609 -0.37440865843520149 0.10911992141553485 0.92082082906449292 -0.48495681848146011
0.89067600257020085 0.29806025174208101 0.34330211880647493 5.8114338110751804 -0.23308639627337882 0.94768973805312406 -0.21807084229921797 3.4264412136708837 -0.39034214519810334 0.11421141239056759 0.91355829751685502 -0.61570201198578589
0.88664001381950541 0.29740770815260498 0.3541442376003911 5.9261845948535274 -0.22798160359861391 0.94735764973339742 -0.22480629864889831 3.344083020148215 -0.40236037865917135 0.11858388854742535 0.9077686858788534 -0.7547123971990376
0.88003257413963076 0.29839458002756797 0.36946358827812331 5.9950900649793049 -0.22154013352081056 0.94606497278339741 -0.23639170144472249 3.3217586522758782 -0.42007456206339927 0.12618138484943306 0.89867436840310677 -0.90869178274221429
0.87444314579348004 0.29827678793023205 0.38259657938463809 6.0678690442581162 -0.21381700761495381 0.94488206393250795 -0.24795195605848866 3.3089036669814749 -0.43546695859661844 0.1350142327336912 0.89002229462522109 -1.0889037616486847
0.86702855623118558 0.29364143097413686 0.40253719417604999 6.0791077248942775 -0.20306489124757157 0.94599585306421941 -0.25269842881963428 3.2672792418672469 -0.45500124463816322 0.13735558234291442 0.87983368392950345 -1.2732720655928675
0.85843986108445791 0.29061932851043226 0.42263626299389145 6.0537635866467756 -0.19269560444489009 0.94636267879415992 -0.25935705930851405 3.2435910033121904 -0.47534136042313291 0.14120228780613694 0.86839651369026027 -1.4722758255665618
0.8496638168378724 0.28735386605308616 0.44215286273057591 6.0541496260219656 -0.17981602494683263 0.9461114335387445 -0.26933130620034057 3.2573095938195031 -0.4957192708870804 0.14933489542503639 0.85554748172125139 -1.6722889836662016
0.83748055213971684 0.28544678189018075 0.46598976329560582 6.0006926857530321 -0.16858457893749534 0.94609448139425001 -0.27655826152876384 3.2586040777774614 -0.5198130091987142 0.15305347752953646 0.840457654188415 -1.8834613372466145
0.82674338763128286 0.28125183821254113 0.48722969378930209 5.9781416257793625 -0.15480081960757672 0.94636127003059134 -0.28361426768572251 3.2455939344045253 -0.54086234594097315 0.15905266451132727 0.82593593737957327 -2.099604145284391
0.8148643166668289 0.27569300738090347 0.50989166604718639 5.9635688727713569 -0.13908067476874786 0.94694703108673028 -0.28973761616658733 3.2456920665934867 -0.56271903409158996 0.16518076763745851 0.8099769149017324 -2.3209285527286099
0.79982536322769127 0.26599509969028212 0.53807619839428777 5.9219981954554193 -0.11979668439457765 0.94915157115172044 -0.29113579200827672 3.2298093430214405 -0.58815656312393383 0.16839804607232695 0.79102083116265953 -2.5427443083170895
0.78027451180627694 0.25502202269198454 0.57108270343932255 5.8672871519822278 -0.10200490163345555 0.95275721604194885 -0.28609209587603873 3.1899748493811853 -0.6170629516250552 0.1649771354524148 0.7694256679560999 -2.7613995878073854
0.75937586179307548 0.24646532456749598 0.60216537953610638 5.8276768191559567 -0.084603698922622927 0.95502529694811289 -0.28419869161869649 3.1845790792472002 -0.64512829317480291 0.16486820789651252 0.74607503601873593 -2.9877876255196782
0.73572753215430353 0.23393103646197333 0.63559520813955594 5.767506609170475 -0.064014084066468455 0.95827326389518441 -0.27859387779490324 3.181685150535837 -0.67424564920455343 0.16428214109725175 0.72000290460888638 -3.2293338003211693
0.70955606755309875 0.22256016779373411 0.66857846114738662 5.7055105950172669 -0.045005450856518782 0.961187196116428 -0.27220154925172868 3.2036361229788901 -0.70321027892927168 0.16305258579202209 0.69203262775302099 -3.4643471732677131
0.68226470671896911 0.208698867426554 0.70068513092583395 5.6431549881844498 -0.02430732940163445 0.96433693126060904 -0.26355917123908185 3.241615678987456 -0.73070104947443448 0.16278533638428511 0.66300596570107551 -3.7094538149628686
0.65391398701121073 0.19579596365969723 0.73079438846071654 5.5575125774635836 -0.00062591935608253624 0.9660720446764357 -0.25827197432096749 3.3459117288464877 -0.75656863919677642 0.16843023810842683 0.63185057495793784 -3.9742547918207949
0.62493264725107645 0.18159380078544082 0.75926469555488996 5.4759364778123727 0.021715793578210948 0.96815013828840191 -0.24942681099155534 3.4716269687263996 -0.78037658262471632 0.17236299268823974 0.60108517536412709 -4.2166293357683058
0.5927557956033549 0.16309299139257399 0.78869591284426976 5.3668389837385817 0.046125771977029252 0.97079944411429819 -0.2354163385725232 3.596862713561682 -0.80406030864491573 0.17592360690365452 0.56792420673524002 -4.4358751123630764
0.55795044924681692 0.14362116224742749 0.81735197922313363 5.2537814742331257 0.069809902940323257 0.97329683420629753 -0.21867750221607532 3.7305906794071975 -0.82693281083576453 0.17907047293927902 0.53302522649923878 -4.6366286153378509
0.52393154581363921 0.12418990292429595 0.84265805835640417 5.1430348255342393 0.094511350241378078 0.97472801525855013 -0.20241763990739425 3.8842996672252426 -0.84650064381362555 0.18569373786367138 0.49895340037055175 -4.8454826660689827
0.49124236006639049 0.10720308113056948 0.8644006264878088 5.0371686780347922 0.11754210412305278 0.97516042522054647 -0.18773917769610235 4.0517287075522521 -0.86305550078469995 0.19382890517101883 0.46643923300412443 -5.0622337638993473
0.45779145368406376 0.088155700543104773 0.88467822251685768 4.9193206217214867 0.13957391510676442 0.97560686693315057 -0.16944132735153994 4.1803304203689589 -0.87803536782728864 0.20104679468878989 0.43432024957370102 -5.2854247434246711
0.42469784536646954 0.071091621281378969 0.90253959554396512 4.7987189885185311 0.16117028297508082 0.97505085218362297 -0.15264329510896696 4.2991337286919693 -0.89087366109163368 0.21028984055245226 0.40264413932604748 -5.5068303455710774
0.39351305035771383 0.056113077737582 0.91760492680945449 4.6753634788513772 0.18061225642486475 0.97396415341477804 -0.1370147462580347 4.411538855936417 -0.90140262481717182 0.21964778708161581 0.37313289536418898 -5.7293195878611982
0.36429943686035388 0.04166442655943714 0.93034939450869902 4.5529777351934433 0.19934707860710069 0.97235441189671756 -0.12160444036219688 4.509580066534558 -0.90969591763074531 0.22976286302286092 0.34592248296619077 -5.9416070348334005
0.3389790218909644 0.030073354524213353 0.94031314787442333 4.4313368589063487 0.21094599820730722 0.97161062265978204 -0.10711948363856896 4.6073185787370941 -0.91683968530936111 0.23466655339509265 0.32301176473853122 -6.1538171058953184
0.31627268477951281 0.022657466796922546 0.94839771618277624 4.2963044570822975 0.22337827657822099 0.96982694843845529 -0.097661843293567516 4.7316475066447934 -0.92199443296329242 0.24273922073060192 0.3016685868694276 -6.3428562354168561
0.29757213343840649 0.013455036070786896 0.95460451884811948 4.1690781089582742 0.23077174421082197 0.96923545458148075 -0.085598105447054429 4.8194027471109022 -0.92638827036767402 0.24576736070227859 0.28531241988148004 -6.5379421439688485
0.28187317984895227 0.0066730707736450115 0.95942846560245987 4.0448668229154636 0.23508566790894475 0.96901400712065155 -0.075806218397854536 4.9027890238771583 -0.93020548225950894 0.24691562147913562 0.27157031620544736 -6.7161330179963814
0.27409723162500071 0.0019352083963626787 0.9617000377373256 3.9277968551269224 0.2384712805384076 0.96862950314500718 -0.069916621739243998 4.9901740881983159 -0.93166633296147539 0.24850179195635402 0.26503717365795704 -6.9067071432671527
0.26996981870717435 0.0010138970049887643 0.96286825111231023 3.8124969922215404 0.23846025539652665 0.96877708387935935 -0.067879808090681656 5.0817534631894024 -0.93287351960672515 0.24793130855756754 0.26129879956382035 -7.0774824450645921
0.27164759577925396 0.0027561762699280703 0.96239284452853258 3.7005363499920727 0.2368240572421963 0.96905477849636334 -0.069621851345026978 5.1763308149628182 -0.93280327487562786 0.24683038663368251 0.26258867191021545 -7.2438648699219224
0.27909132500468525 0.0064098759318981582 0.96024317013851612 3.5961661871110691 0.23381730049064986 0.96942753182520647 -0.074429366049654208 5.270100938298337 -0.93136324938146142 0.24529405624642836 0.26906007446624214 -7.4161926545048686
0.28983789096287238 0.010394694613516229 0.95701930350755515 3.4955548333891606 0.2281668378173598 0.97035931678050558 -0.079641009898776025 5.3510073444640502 -0.92948044147395625 0.24144305055470547 0.27887517325179245 -7.577921353395455
0.30366518605863535 0.015144117141914895 0.95265844377298547 3.3984789341212238 0.22082106920752906 0.97153019130678309 -0.085832061454034755 5.4247812819373582 -0.92683629092198272 0.236431265054767 0.29167575616527408 -7.7341768604415764
0.32058549961224386 0.021014164786522471 0.94698645307981721 3.3037481975070451 0.2130117309216279 0.97254700502488256 -0.093692718537265532 5.4988030596296058 -0.922957712968552 0.23175575051216343 0.30730820388724389 -7.893846077226554
0.3421184988726122 0.030340302177981844 0.93916686419022422 3.2156979633310736 0.20406999602128706 0.97322466985061518 -0.10577891433566938 5.5870349028184698 -0.91722972556117166 0.22784470162351758 0.32676661777034083 -8.0605461471510989
0.36464870910767078 0.040076695236484036 0.9302823106159932 3.1288338140396634 0.19121116638465979 0.9745586887280796 -0.11693439217964946 5.6649400160678702 -0.9113010527788975 0.22052034083849975 0.347708456153348 -8.2172007485709511
0.38953432690787715 0.048158932961628473 0.91975199121090512 3.0490001893864433 0.17865770732890376 0.97571243437663235 -0.12675436487476707 5.7301906799899456 -0.90351780932774473 0.21369595826506216 0.37146952183021681 -8.382716813511669
0.4160072602014096 0.061945623985392655 0.9072489730657054 3.0304635006382976 0.16380368830233666 0.97625325331366697 -0.14176719328897006 5.7593208236917537 -0.89448661876982127 0.20758690966325793 0.39598151949073429 -8.4182733197821147
