0.99787488341151886 0.033262005085118083 0.056029956935244804 -0.55281208781857227 -0.033193925242468232 0.9994466268820108 -0.002145539831376849 -0.089898043900978233 -0.056070316420056339 0.00028112610724271089 0.99842678278613239 -0.18246356666025648
0.99845662857994755 0.032553300817124944 0.044996038166422385 -0.35915902497348434 -0.032503498939061355 0.99946993131676698 -0.0018381921486708864 -0.06963532900913634 -0.04503202639769617 0.00037282645663978923 0.99898547416814343 -0.26996384753378649
0.99736208174375673 0.033568009026617704 0.064358889593813542 -0.57296375794332688 -0.033760827794882133 0.99942811472607596 0.0019104977586112662 -0.10390431035042187 -0.064257952086602371 -0.0040782674103418846 0.99792498882860214 -0.31184855335003109
0.99651385468927212 0.029695503020778433 0.077963546049876653 -0.7423092708534702 -0.030473632409415353 0.99949674650933418 0.0088097358094112056 -0.21426463202409246 -0.077662701086841743 -0.011154856233888948 0.99691728545667069 -0.29149022186268086
0.99633067940678388 0.036996502113735827 0.077177950893791855 -0.67295863520755195 -0.039265858812175349 0.99883371085230799 0.028096448116270704 -0.40769909034191842 -0.076048468785101214 -0.031023811763810083 0.99662136917642152 -0.39272454860025607
0.99515436396611445 0.042147391867020545 0.088833491645922372 -0.786904204528725 -0.046509138768937808 0.99778237501448197 0.047615460949478591 -0.63445492428783523 -0.086629624783731096 -0.051516302946421226 0.99490772368122793 -0.46271452914862837
0.9949647379266523 0.04778537810468711 0.088100669247972066 -0.73891594459830401 -0.053823422945532814 0.99626750650633267 0.067484032348997483 -0.82747916039988934 -0.084547084071390499 -0.071886112143072112 0.99382301113225335 -0.5694291790138688
0.99393815208371483 0.052678203863768189 0.096498480143977702 -0.8136964749616008 -0.060853761639661351 0.9946196531982413 0.083836538371484096 -0.99373755231898853 -0.091562926595394847 -0.089200629535319556 0.99179608698753652 -0.64579047759961061
0.99286929717315642 0.053784790218592393 0.10638493818217035 -0.90826386254425306 -0.063820820323501906 0.99359049916197573 0.093299640236664164 -1.1125713241480599 -0.10068496225413945 -0.09942392225313626 0.98993809001355471 -0.6893462727150077
0.99150032979096347 0.055892487379031124 0.11748670511592123 -0.95920941728490061 -0.066405243220999541 0.99394367901548464 0.087557447529741247 -1.0495664720253515 -0.11188136438732983 -0.094614971329850056 0.98920703975612767 -0.80175776794335585
0.9911581940359111 0.058228930824473654 0.11922594520703034 -0.90555795868628119 -0.068428617470534026 0.99417052509117487 0.083321613948657891 -0.97846893654510103 -0.11367919205616506 -0.09074336700264389 0.98936478744620837 -0.94722720337976885
0.99009822013236326 0.054798590787210361 0.12923865110121738 -1.0210341276301189 -0.068148736755578698 0.9925244754352337 0.10124680410083738 -1.1731813175310852 -0.1227243422037583 -0.10905173134687213 0.98643117130436653 -0.99651245183269166
0.98916191105612949 0.054458449608376799 0.13635611824204094 -1.0835427758313472 -0.070337425646676652 0.99093201031599143 0.11448317555215634 -1.2951282779649944 -0.12888506612165657 -0.12283333504126434 0.98402266820102102 -1.073640513474891
0.98844318830232325 0.05227120943869315 0.14229470883541037 -1.1674517956553998 -0.071512568743685279 0.98844385169301441 0.13365891127028559 -1.4876145454583793 -0.13366381713245221 -0.14229010054847341 0.98075864068357188 -1.1277312738421561
0.98882904381740022 0.052863504987743934 0.13936488777154912 -1.0720257766880066 -0.071503013021535278 0.98862332472451353 0.13233004549040003 -1.3948871613429039 -0.13078394867875745 -0.14081680173565927 0.98135935676842267 -1.2924433715941921
0.98811081639409093 0.051999990157543474 0.14468246455123193 -1.102160664954049 -0.072635619106272503 0.98731010160649912 0.14121908547647838 -1.4646068298939663 -0.13550306772192133 -0.15004920622709 0.97934884201114425 -1.3965326087510941
0.98761051695443569 0.048895876923367762 0.14911291030922569 -1.0929899078039305 -0.071143457666069443 0.98646619349518838 0.14772629259014691 -1.5083107594469893 -0.13987163841289812 -0.15650444821476603 0.97772300906580034 -1.5203802368561812
0.9864605643121076 0.047873010183745665 0.15685576161870834 -1.1307929693750098 -0.072581354358167496 0.98511849504999138 0.15579954335611582 -1.5708213285139838 -0.14706291870003191 -0.16507490907581049 0.97525523445764728 -1.628185846238315
0.98564566183283298 0.045822958846011619 0.16248964814016004 -1.0875441122344498 -0.071707121001728782 0.98495934779920269 0.15720423652247062 -1.5414619325928702 -0.15284213459566609 -0.16659933861083059 0.9741067406946089 -1.7672922315880115
0.98441982970575936 0.045339201703461875 0.16988806806534754 -0.96902011353464912 -0.074759553556650107 0.98242926124687757 0.17100805769882532 -1.6237636270325559 -0.15914964038317431 -0.18104447916135746 0.97051238453257238 -1.7676728045179513
0.98141993011904394 0.049402388901503447 0.18540314111674402 -1.0693089994568836 -0.082936469588280951 0.98057726799235112 0.17773509363344356 -1.7035917482384479 -0.17302156737633273 -0.18980944514823656 0.9664553335540943 -1.8624054987804795
0.97824904534344181 0.055175145961956613 0.19996126763131358 -1.1542706735864825 -0.091714163515035266 0.9796815788148221 0.17836063562802967 -1.7237690196639377 -0.18605729627021467 -0.19282040192618144 0.96343291157487621 -2.0102426311628552
0.97519345777794575 0.057842366504829941 0.21366324097564046 -1.0370297949037481 -0.09849209365217175 0.97782463855998525 0.18481959775155363 -1.6773078731589723 -0.19823477847014001 -0.201279002536666 0.95926520615663913 -1.9766219509902907
0.97167667328949647 0.058038773944664529 0.22907628271835001 -0.96750404515507271 -0.10275995405220946 0.9766971493205765 0.18842258450686675 -1.6632159471824015 -0.2128023365197034 -0.2066256983728299 0.9549978986069525 -1.9754412909430779
0.96689655509685379 0.060633262494674406 0.24786016061700819 -1.0395403354701895 -0.11189703370249665 0.97373174819696284 0.1983066726105519 -1.7582847289750156 -0.22932532697113847 -0.21947685534592976 0.94828255513693938 -1.9824293879121457
0.96126382504682217 0.061933956105615848 0.26858154020233821 -1.0629205329820421 -0.11984768753170999 0.97141024193890291 0.20493577932977766 -1.764618064315828 -0.24821037538679599 -0.22918622763444874 0.94120416627479753 -1.9348696513175985
0.95778126708690581 0.063419384920533603 0.28041580917220438 -1.0290610678602632 -0.12540513348044238 0.96984390700883938 0.20898887179604095 -1.7856052103084166 -0.25870561825007465 -0.23533120841514171 0.93685144256264852 -1.9674177092678269
0.95513258403741919 0.066176079260593032 0.2886909652962803 -0.98184706037660352 -0.13090233533243009 0.9686720221319034 0.21104286802307473 -1.7805725501076193 -0.26568087156308118 -0.23936424142420407 0.93387281490195284 -2.0253672944939694
0.94963477631793047 0.065249843519991288 0.30649021114582253 -1.0164453388789718 -0.13565450134835422 0.9672830851673635 0.21438584238012601 -1.795200846448912 -0.28247415434252332 -0.24516502823552044 0.92741709120478943 -1.9908468467425207
0.94576561024214967 0.070733273143193665 0.31705553859496738 -1.0335936614016823 -0.14407127975895603 0.96610028427421457 0.21422816592105287 -1.7690900044487816 -0.29115438659225296 -0.24828822927342306 0.92389505809499661 -2.0278945302299807
0.94366119050387787 0.072023862325324428 0.32298006253102746 -0.97906686456084724 -0.14750659478085945 0.96524809727561733 0.21572648238441991 -1.7661868482252547 -0.29621843634885225 -0.25121439839615656 0.92149116328128633 -2.0596875244026438
0.94126333858941413 0.07591126940601961 0.32903009984601123 -0.98240711312516249 -0.15228523257796681 0.96511555956764261 0.21298160629291543 -1.7533520803479821 -0.30138436483365222 -0.25057820307760736 0.91998805904001479 -2.1137380696031656
0.93954564449048517 0.077589996664636743 0.33351727741833781 -0.99536737235043238 -0.15578691831350933 0.96420898640518682 0.21454945028562147 -1.7800616108453542 -0.30493346487609202 -0.2535366303969982 0.91800586002791806 -2.140454022937138
0.93926491322497008 0.078330364810333425 0.33413436927854234 -0.99680163057567672 -0.15692632495501863 0.96388717828101778 0.2151642072501129 -1.814920966083718 -0.3052139435225743 -0.25453066906394156 0.91763750314885317 -2.1728117548316868
0.9398980151604468 0.079152253875838283 0.33215454505971664 -0.99279651714874451 -0.1580790787686554 0.96310443037136617 0.21780923087578213 -1.8612372363571195 -0.30265942237621768 -0.25722514827563298 0.91773225787343504 -2.189298748308131
0.94461211071716111 0.073410590686870114 0.31987317089977158 -0.87628968493556014 -0.14834378413467519 0.96491882706963072 0.21662358799348905 -1.9231212534207942 -0.29274917932433986 -0.25207646130008415 0.92236401472702345 -2.2641860342505047
0.94817036881424976 0.071554203875506733 0.30960127197799475 -0.87595537377847643 -0.14229000059188993 0.96678298402826357 0.21233044417832786 -1.9564428795815938 -0.28412410569011887 -0.2453786007400573 0.92685642624121767 -2.3330140558930959
0.95379553867995726 0.067999227713640753 0.29266051223996481 -0.84008199004707351 -0.13343527879181113 0.96859173090449557 0.20982155560662638 -2.0064195706829628 -0.26920084837897862 -0.23917810069858275 0.93291196764660322 -2.3935271163440386
0.95922609655489777 0.064472246910166106 0.27518834471395864 -0.88522793187473692 -0.12553113196138388 0.96951761152960891 0.2104222798146996 -2.0938156374451724 -0.25323354950825039 -0.23638724650935952 0.93807986818350164 -2.4259967529998856
0.96625723789762097 0.077671658335760924 0.24558921739733067 -0.86039845569057072 -0.13102851382439792 0.96909056106801239 0.20903352126837102 -2.1421613836586215 -0.22176221223515524 -0.234159343055659 0.94656797076824473 -2.4959628354934935
0.97318366382641508 0.089012251831161016 0.21210934794426495 -0.83033456037084752 -0.13344183490398789 0.96954315371487654 0.20537611784739704 -2.1902153226918379 -0.18736817541634998 -0.22817294341914651 0.95542151678334675 -2.5677086821066073
0.97854824219338954 0.097408286014021142 0.18153502008163111 -0.91813224895796652 -0.13421824600188659 0.9699264660090664 0.20304707083664181 -2.3308595636831506 -0.15629715333429653 -0.2230566662329862 0.96219380766487039 -2.6500012852552834
0.98351073817473822 0.11271709151656115 0.14142660702650303 -0.94994104550116221 -0.13954943739929077 0.97041366538484319 0.19703622143122551 -2.361381111343503 -0.11503296230438982 -0.21352324303082479 0.97014186708392103 -2.750949948098858
0.98736715337542236 0.12746667689730576 0.094118811701345825 -0.94901735208192894 -0.14384543473052591 0.9701764682909837 0.19510538506566 -2.4559243724235604 -0.066442421257066925 -0.2061792100459969 0.97625587732023777 -2.8356847869270774
0.98902567871353708 0.14090253520221535 0.044437398875452026 -0.98564772774695808 -0.14682840037154232 0.97081401095634345 0.18963537901771066 -2.539339911180261 -0.016420343771116064 -0.19407893163464493 0.98084847994274493 -3.0027950830910375
0.98765331357667663 0.15581486810806383 -0.016206759622999042 -0.89662531799138012 -0.1499895135010596 0.97041050724743028 0.1892263017223044 -2.6587231694591549 0.045211481072029207 -0.18445913992061169 0.9817997492763082 -3.1921245346177138
0.98396895322197231 0.16611303388287646 -0.064896525866050409 -0.97986288162001134 -0.15237324408290015 0.97214901546873933 0.17806932978706255 -2.6364859845701858 0.092668730340441888 -0.16532619785559413 0.98187563098373287 -3.3079437531612705
0.97697926537015878 0.1797050893239594 -0.11496780378807056 -1.0838993984957124 -0.15661038151132672 0.97008730658525788 0.18548262992807846 -2.8856506173354401 0.14486097970006001 -0.1632075319132901 0.9758988667311338 -3.3681887573947775
0.96592687423147372 0.19154184123680276 -0.17406032486764511 -1.1132291233394345 -0.1586593836331236 0.96956322709788367 0.18647881553864187 -3.0016176217235353 0.20448098596830963 -0.15250859554514609 0.96691708779102414 -3.4572912975654613
0.95286199083103007 0.19698241563453012 -0.23076384976921949 -1.164322210348272 -0.15784053126823858 0.97139144150940215 0.17744022669971404 -2.9871736699467086 0.25911463316162964 -0.13265215902152128 0.95669379196712845 -3.5472677515327145
0.9380857936107283 0.2041838887021771 -0.27982848929332949 -1.2794601567092401 -0.15992088659381987 0.97184823884703886 0.17302112784557683 -3.067153983010519 0.30727895121009619 -0.11755824192444278 0.94433029491743914 -3.7252381484837693
0.91994321133302492 0.20933244258528197 -0.33148818441018452 -1.3438594582967258 -0.16023886733640413 0.9724349701091014 0.16939224983350698 -3.1498470041234743 0.35780999611110242 -0.10271395908147345 0.9281281427113296 -3.8926657276960244
0.90019607020495762 0.21677781305983992 -0.37769619398736848 -1.4485527348098268 -0.16169197428639429 0.97167994687701598 0.17231885064741834 -3.3087567936496196 0.40435472130162986 -0.094050308888766365 0.90975370225078445 -4.0102390805667731
0.87762137275103647 0.22143713470949294 -0.42514270717282199 -1.5123696405115497 -0.16198299205271841 0.97173234316618329 0.17174912963508107 -3.4175699701684548 0.45115655417630235 -0.081864819161889202 0.8886821225879119 -4.1292264081080639
0.84884470949499247 0.22225646652877609 -0.479650625193489 -1.4851662794134695 -0.1595620035662291 0.97272642848432089 0.16835457328527806 -3.5281007506391848 0.50398673214708001 -0.066372874084827727 0.86115736970975687 -4.1678150347501308
0.8150771181082902 0.22033341867616082 -0.53581944361021483 -1.4031010266200532 -0.15565586070732068 0.97413712175183453 0.16379292125276607 -3.5917770774385511 0.55805066487170119 -0.050100425542376981 0.82829306576641404 -4.1325303685470329
0.77459875878675122 0.21296181720423982 -0.5955199638123756 -1.2115279636953638 -0.15039478421118466 0.97661706089410016 0.15362462449959152 -3.6425717451949455 0.61431113596295517 -0.029434347005449699 0.78851470972218796 -4.0619400703301443
0.7348993140635981 0.20260822741062992 -0.64720391251473131 -0.95877142601916931 -0.14638747934901911 0.97922400247000052 0.14032483342756169 -3.7270178996688585 0.66218857138936948 -0.0083820744541492111 0.74929035543582911 -4.0240861437437641
0.70089539120761035 0.18430570777351268 -0.68904067852778872 -0.60750924490144065 -0.13403674608222324 0.98286217045301139 0.12655474938573069 -3.8293871006418412 0.70055677948587469 0.0036551298882592739 0.7135873028171672 -3.9952907521640766
0.68028279613848508 0.16534155902698122 -0.7140570608407506 -0.4136936985624024 -0.11640966738276393 0.98623111952553755 0.11746049642002669 -3.8106140465060983 0.72364639612025883 0.0032167900043555326 0.69016341952049964 -3.9771630941649403
0.64312256895043718 0.13640328882166125 -0.75351675768042781 -0.048991919744863006 -0.092783726870817554 0.99063804806332423 0.10013709481130539 -3.7806099938516118 0.76012139907685261 0.0055136673749246017 0.649757691864842 -3.7309538315650128
0.61260230721238285 0.12271593296509911 -0.78080677058704517 0.18792219029342597 -0.080201556810788749 0.9924259318102856 0.093050954619563142 -3.73039550073252 0.78631172157306128 0.0056186890812262571 0.61780442443366923 -3.4937677507219735
0.59321014817123874 0.11562063697586977 -0.79670169349132902 0.37050717450483567 -0.072886748012863364 0.99328207881804231 0.089878995672057149 -3.7486380879869055 0.80174138103927672 0.0047518632348207976 0.59765222138383389 -3.4009239387851582
0.58528849814880568 0.12391917403322533 -0.80129982668264632 0.50280004673505097 -0.070662218361325121 0.99228782483439493 0.10184165936237116 -3.8498687504008999 0.80774019636945904 -0.0029851285312433961 0.58953105446335907 -3.3649790673105806
0.57175772597359964 0.13025524897333898 -0.81001646458846277 0.62077684589059523 -0.07018516028924171 0.99146245746411144 0.10989194108031068 -3.9392182672168987 0.81741491671284794 -0.0059804309308371575 0.57601830559558631 -3.2628428131943652
0.5627836575300752 0.13684276723961328 -0.81519851071458438 0.6969494534666717 -0.074717627472859025 0.99058608348727062 0.11470173209754686 -3.9931389548166862 0.82322040242082095 -0.0036425616748904928 0.56771022606832311 -3.1644406281278781
0.55797241695186894 0.15341831490354407 -0.81555478207968812 0.7526786219130932 -0.08334719954772328 0.98815352552690316 0.12886370441789902 -4.1303934427087574 0.82566338555639152 -0.0039281854473306854 0.56414939786429752 -3.0783477516672075
0.55070086778170324 0.15571050874351583 -0.82005048118473467 0.78619912348942766 -0.089280923363509748 0.98779835082667722 0.12760617080476788 -4.1232906729728889 0.82991413468372643 0.0029420351683775913 0.55788338699160944 -2.9069860341698774
0.53426159643753257 0.1493447376907695 -0.83202205252991634 0.90002020484147294 -0.10089392131475385 0.98849958455542497 0.11264540814202936 -4.0265510659760366 0.83927645219781544 0.023763851914775272 0.54318534233576421 -2.6522508319461813
0.54112181787348312 0.16061480551968926 -0.82546354399765554 1.0705464040723005 -0.11481798282606535 0.98650995975118383 0.11668303274885708 -4.0870771168678468 0.83306903017760214 0.031638324222213153 0.55226353075262891 -2.6298411522737948
0.53607377079143992 0.2088209133781514 -0.81793565664137735 1.3784071738310906 -0.14729609267159502 0.97719616293015876 0.1529428659279517 -4.3648661471161292 0.83122125415146086 0.038490067426403547 0.55460773647361195 -2.6724022122349895
0.54247931586435616 0.24945807744176549 -0.80217632691223095 1.569096127418613 -0.17151033384102371 0.96766862833707012 0.18493683007447032 -4.58350120900033 0.82237485202617988 0.037257124571161503 0.56772485362507097 -2.6474777915483636
0.54719499700585494 0.27969453490840707 -0.78889074173432472 1.76698938684156 -0.1975339586979924 0.95904564553523464 0.20300685934471493 -4.7434769346703014 0.81336213977100202 0.044748373403677232 0.58003414784378238 -2.5900973492194934
0.55244019051500881 0.31285888940124351 -0.77261190207397246 1.9391071555043236 -0.21648344003361719 0.94893614345802613 0.2294670255836764 -4.9995705661259366 0.80495015752216137 0.040490875041530969 0.59195923250120797 -2.6128759688193641
0.55156512374693656 0.34997961202540101 -0.75715928669770471 2.1648256392220824 -0.23462068816172771 0.93616736144827906 0.26180871651930326 -5.3190279904319837 0.80045552465614511 0.033240675768062 0.59846972398103693 -2.5190824580121398
0.55785348891268649 0.36277249464519545 -0.74645535836836552 2.3202699437149721 -0.2512743331697202 0.93102272667242791 0.26468451392091263 -5.4222189356712436 0.7909871644964005 0.039909892863035867 0.61052969301550364 -2.3692361513773026
0.56978045873014793 0.37147804891342362 -0.73304453345259935 2.4926209362185952 -0.25886973371771993 0.9277224889719381 0.26891902948774149 -5.5584130038788668 0.77995941549171621 0.036538235195312983 0.6247625689449019 -2.2301430202644235
0.58382702531396524 0.38928733268445359 -0.71246149167830175 2.6083943544413599 -0.27530043625585332 0.92048071075114335 0.27735344045532673 -5.7333231260592736 0.76377724128857361 0.034214525372905015 0.64457248773363229 -2.22844279157782
0.59576318322186939 0.41535551531916176 -0.68741983198864642 2.6536924873662149 -0.29550030877722494 0.90921530390000593 0.29326966884862882 -5.9641229425580704 0.74682380588055042 0.028413501156550378 0.66441468671464299 -2.2049678028233446
0.59460820495104494 0.43919926893870254 -0.67345755973825505 2.7857856892580291 -0.3153290513525478 0.89789790772517641 0.30715946457150362 -6.1903358962080892 0.73960034611809 0.029721195575879728 0.6723897519709402 -2.0810616359978087
0.58746146017418222 0.45960688354774548 -0.66607097625219125 2.9926451460812284 -0.32964602530820786 0.88759628170688831 0.32172401013695984 -6.423666632591738 0.73906869153585364 0.030567193126540698 0.67293619006251015 -1.8407235298817737
0.57991854131894338 0.48457000684557111 -0.65489418526979792 3.1240104410657152 -0.3493507401193634 0.8741257717214076 0.33742880077211357 -6.6713623111488012 0.73596776139486075 0.033106550381106888 0.67620663299711958 -1.6815803404281777
