0.99983459298957922 -0.0020932673454119922 0.01806667908562757 0.15705042043954787 0.0020374919362488204 0.99999310361374083 0.0031050525869789009 -0.011045159586652194 -0.018073054196016285 -0.0030677282765615281 0.99983196275936737 -0.12079874216946893
0.9997976746649041 -0.0053831298558280356 0.01938121894014706 0.31810667874140158 0.0053407826723696527 0.99998323790240806 0.0022360578397099804 -0.0055661720884136847 -0.019392931059980037 -0.0021320945502733271 0.99980966608536626 -0.21399120399078891
0.99972111580510181 -0.0079881071484338446 0.022223428124107127 0.4683346357758712 0.0079216501198285626 0.9999638896241414 0.0030768339469423884 -0.0095974996970537522 -0.022247203707010811 -0.0028999296445219253 0.99974829448980584 -0.29535369481422663
0.99972725912077731 -0.011555445602346988 0.020294803467622108 0.6687494484413834 0.011423826749288242 0.99991303450748326 0.0065893553887193318 -0.043258100828238881 -0.020369181457791891 -0.0063557138834121323 0.99977232475587752 -0.39039894875299957
0.9996303283443202 -0.01262271957427381 0.024080564876593213 0.81520191248502438 0.012447951541301648 0.99989518469469685 0.0073937897443339309 -0.044807747687263005 -0.024171370599367671 -0.0070913027651663919 0.99968267878784456 -0.47991542577786883
0.99953718166623695 -0.016575727116636775 0.025508189611784859 0.99315570100815953 0.016316878826469813 0.99981358463255043 0.010322569911225774 -0.068607803323174246 -0.025674538595236291 -0.0099015783976411989 0.99962131670606003 -0.57699476070981037
0.99946015050909942 -0.019555382677672317 0.026400654398292853 1.173496239417448 0.019252342574893909 0.99974637976433034 0.011684325119332335 -0.087112758070669954 -0.026622450107141406 -0.011169742899687833 0.99958315411667864 -0.68187813089186833
0.99928806562555728 -0.020630949659241993 0.031586798104424531 1.3245623310771664 0.020335236932169737 0.99974659999950521 0.0096547360575976581 -0.065832068814047517 -0.03177798038334681 -0.0090055374957400004 0.99945438127868969 -0.7934650485336201
0.99915073512039965 -0.024900678356746277 0.032829327220321336 1.5189112363836428 0.024591168358735822 0.99964957338693061 0.0097982072890933532 -0.065264963726011413 -0.033061804958552606 -0.0089825745029807318 0.99941294288606297 -0.91291016955725812
0.9989885891006014 -0.029031488447965884 0.03433615478304685 1.7123875087347455 0.028786196993194055 0.99955657105113949 0.0076168320945994425 -0.04193287498098134 -0.034542057110987956 -0.0066207210320264869 0.99938131478608172 -1.0405184919273458
0.99881030965446005 -0.03168218868205009 0.037070260968553898 1.88531343873101 0.031366103329175714 0.99946674080357545 0.00907753212177821 -0.050911093329392414 -0.037338088996428112 -0.0079039830334724313 0.99927143167524879 -1.1701186126707257
0.99857900462764049 -0.033594992765845481 0.041368441811768172 2.0569482044154519 0.033316587504388179 0.99941744377192954 0.0074012216183843146 -0.036833729786790573 -0.041592986355073198 -0.0060124492051728184 0.99911654672546679 -1.309889104069526
0.998403444912354 -0.037869621328951816 0.041910058071374719 2.2557998823467993 0.037311893847586722 0.99920543941099293 0.014011153735184875 -0.076434660523837614 -0.042407355077281383 -0.012425040518499846 0.99902314017417182 -1.420449098664375
0.99816718611073962 -0.037824154880619548 0.047239833608249085 2.4030762403401136 0.037208455082327493 0.99921160092826256 0.013845845613933825 -0.067612984644115817 -0.047726297176237886 -0.012062747528874892 0.99878761039567365 -1.5565755713352796
0.99797780514791257 -0.042500558443643671 0.047265240548773679 2.5953440324077941 0.041744286640479439 0.99898581638887529 0.016874631454640292 -0.082914076057114691 -0.047934486176786133 -0.014867453912182626 0.9987398279077172 -1.6729473632046494
0.99774235309415982 -0.044416665587785883 0.050372181411883023 2.7420046364941832 0.043453475410847549 0.99885406789412212 0.020058577369377148 -0.10490316482693031 -0.051205393435142396 -0.017824445837871607 0.99852906658430585 -1.7897419547706883
0.99760105049323355 -0.048045969661396112 0.049837022925664227 2.9228775705322287 0.047092587410795174 0.99868764132037202 0.020131648837304141 -0.095742776367569005 -0.050738863465331907 -0.017736399669834847 0.99855444912182845 -1.9004960673555344
0.99727284017948381 -0.050606003499260623 0.053720709695411172 3.0542904499840029 0.049463125330813262 0.99852482518172736 0.022395819438214885 -0.10425041867874804 -0.05477482517410788 -0.019677548262771093 0.99830481949227923 -2.0086989128697885
0.99701983569772779 -0.052657016662142869 0.056379835238484853 3.1873776981893851 0.051686959436672106 0.99849143122151596 0.018528896389168891 -0.064704905952162495 -0.057270458785203586 -0.015559574976571565 0.99823744378633716 -2.128326127534713
0.9966175409631296 -0.058437214535071245 0.057780351348764442 3.3302251863998245 0.056970744656082442 0.99801846298566033 0.026711079968274654 -0.10874344192399094 -0.059226778554434825 -0.023328941191622207 0.99797191804426133 -2.2023519491291106
0.99638812498258711 -0.062691069791847256 0.057275947500134358 3.4762108438345032 0.061229852895846995 0.9977605503364062 0.026921911275851612 -0.10744901945763702 -0.058835444317497494 -0.023317674857189875 0.99799532891252407 -2.3158232518098334
0.99607871076687038 -0.069111201358213276 0.055234443998594167 3.6323245015543453 0.067324734665657207 0.9971659690082576 0.033576931873258324 -0.13618774267094452 -0.057398449972174262 -0.029726622725211739 0.9979086861242088 -2.3795658636268988
0.99574668176529924 -0.07088018805505375 0.058860383065999576 3.7155547987394595 0.068839329306847719 0.99697772427198295 0.036007833120604044 -0.14339607801431406 -0.061234732741960826 -0.031802771054392567 0.99761660534459962 -2.462704474912317
0.99550703521977013 -0.072274542070355677 0.061172979300207743 3.7940939169500916 0.070306009173587633 0.99695452015438346 0.033745367353557133 -0.12188452660659711 -0.06342560919712692 -0.029292922562685588 0.99755657322565416 -2.5618623418002633
0.99529378973945748 -0.075330797281701722 0.06095525479375713 3.8920460319400267 0.073199095713283965 0.99664983527535345 0.036482848468400733 -0.12895810386308362 -0.063499326711597387 -0.031849282982729085 0.99747353783479387 -2.6262018790045953
0.99528673871146267 -0.078242847180158642 0.057291924476692561 4.0242462595747872 0.076387509217700308 0.99650205500961919 0.033891043022038089 -0.1034225935945195 -0.059743252176429548 -0.029354918271871016 0.99778205665998787 -2.6975705845537652
0.99505651048577404 -0.07930280993926947 0.059779639306462594 4.0650032158683231 0.076965005830945885 0.99621300713668359 0.040447895979005326 -0.14143314059409573 -0.062760886046303796 -0.035647001941566878 0.99739177981135418 -2.7332760843117256
0.99497093491164956 -0.080895309457066453 0.059065959645834561 4.146169547501759 0.078533823084659032 0.99605696959308976 0.041266838463081462 -0.13082602515620004 -0.062171354438723452 -0.036420629221308606 0.99740075218258106 -2.7820315729348284
0.99487333190966487 -0.082808496624386385 0.058050033090179171 4.2290159158098248 0.080396345074567624 0.99584672681650566 0.042728496199879222 -0.14053191963610498 -0.06134721797777757 -0.037842430889955182 0.997398851648991 -2.8302543807181206
0.99495549097751135 -0.081621262016566318 0.058322727649882333 4.279680232116597 0.079260799846469637 0.99598118811464642 0.041703699229626662 -0.13072312633224759 -0.061492248140698182 -0.036870618499834175 0.99742631853688446 -2.8750069008761936
0.99506336510532412 -0.081481722251576391 0.056653582094916444 4.3486573531577726 0.079201681473899777 0.99599888771924783 0.041392140724151628 -0.13003471197855529 -0.059799607665731364 -0.036700743874450444 0.99753549426678878 -2.9187514215306831
0.9954857788378586 -0.077092180968924159 0.055361175611042923 4.3956069524652674 0.07481875121975734 0.99631104425569383 0.042029246484381319 -0.1375415753520482 -0.05839707696022247 -0.037697463145196751 0.99758141656454202 -2.9482919976985067
0.99573531558934092 -0.074793645770136016 0.05401010868908751 4.4379289296589439 0.072707088388351687 0.99656613177348941 0.039618484323767522 -0.12950186559269544 -0.056787855975411222 -0.035522606244976038 0.99775411994102048 -2.9818889964701034
0.99607091335581011 -0.072277815855258012 0.051172775005032027 4.49180896617671 0.070316510727055651 0.99675637979214138 0.039144701593398008 -0.14220059761509987 -0.053836083491410149 -0.035392607686602053 0.99792236142670343 -3.0146941390506363
0.99668165486783578 -0.066179910167754555 0.047390909888924936 4.5370006051618272 0.064458745337835896 0.99723528335599376 0.036971066786918166 -0.13755941832256499 -0.049706629330344726 -0.033793625435556335 0.99819198648383123 -3.0280203051532406
0.99724647569049141 -0.058085276532441839 0.046103875900447212 4.5536316846947562 0.056673104261045867 0.99789986479617565 0.031369078615587541 -0.1152712972319696 -0.047829133133590246 -0.02866985332930827 0.99844399619295887 -3.0505941847563625
0.99774229590884067 -0.050868420096292465 0.043848771835280596 4.5732041680486573 0.049506917505091189 0.99827387234632514 0.031596533193011797 -0.13929822162347327 -0.04538034898168461 -0.02935438004080668 0.9985384040179528 -3.0473077945771236
0.99819269131235044 -0.040067972871769691 0.044787370547440163 4.5581533234424114 0.038806949708509564 0.99883507261583726 0.02867958100872927 -0.14355989846252068 -0.045884329186856289 -0.026889686916403154 0.99858478511972637 -3.035960609412931
0.9987589401661725 -0.025054910444124261 0.043044522308659586 4.5590404573612231 0.024299741175554765 0.99954304292728724 0.017978540387369218 -0.088517818058870504 -0.043475303529070711 -0.016910257191897791 0.99891137804349739 -3.0521427003201107
0.99918920164378766 -0.013026254409824155 0.038095354237763834 4.5917038708122035 0.012635425132452388 0.99986522695526314 0.010482077915291595 -0.08458039490440937 -0.03822676222455107 -0.0099922280673826712 0.99921913013516561 -3.0653293349405404
0.99938500885323667 0.0010965126312649008 0.035048562587724479 4.6056989744591466 -0.0012670448778175746 0.99998746622248647 0.0048437583764158352 -0.084625709479950767 -0.035042812054596299 -0.0048851876095989235 0.99937387211459816 -3.0656607950592707
0.99931859550238467 0.017891573015329086 0.032283684705720017 4.6203201447872786 -0.017694385613693374 0.99982306498272133 -0.0063833726439008753 -0.058372541069833112 -0.032392181169151199 0.005807783018857462 0.99945836144159139 -3.0873895441056933
0.99897930006550462 0.035123470776184912 0.02840246188746515 4.6507025521960612 -0.03469117824863726 0.99927674742010453 -0.015572546908514534 -0.055187256870348117 -0.02892888162988164 0.014571337142866908 0.99947526029487754 -3.1049825832894586
0.99825127801045932 0.053889706602953807 0.02429579125552906 4.6801272524856685 -0.053386863789879842 0.99835534491578437 -0.02089133918077269 -0.075518767711422519 -0.025381661197910244 0.019557729938130035 0.99948650139684314 -3.1157219518325587
0.99693518437834827 0.075791642786491004 0.019387238901751983 4.7041619427511856 -0.075151622665440496 0.99666338080331551 -0.031848688771383971 -0.077493299262655968 -0.021736415510840549 0.0302940959500391 0.99930465624418563 -3.1473646183287558
0.99498159679630471 0.098858704608976056 0.015445988466616298 4.7112898670109473 -0.098096419534957499 0.99419941482268492 -0.044097800859594152 -0.061071110615442938 -0.019715844163951935 0.042361304149731147 0.99890780625623143 -3.1748613128560024
0.99272294280173945 0.12011703754593935 0.0085472876540935595 4.7568332929544184 -0.11944762032382494 0.99122235949245063 -0.056661274616746582 -0.052586458865548809 -0.015278247086291838 0.055227994109929485 0.99835687198143919 -3.220258771255053
0.99020188044159041 0.13964318844343157 -0.00012606066256022277 4.8294869436243406 -0.13934697601404825 0.9880418768176934 -0.065997499424676948 -0.081312081168561826 -0.0090915480353265452 0.065368414206879999 0.99781978041047026 -3.2772504581101307
0.98701384903779432 0.16039639136538425 -0.0087555379366787978 4.876702288520633 -0.1605548058410407 0.98332943763709257 -0.08535438710262587 -0.019001299014928554 -0.0050809574829806942 0.085651705839881964 0.99631218458762938 -3.3254160961665651
0.98307765445900719 0.18255727767052435 -0.015204133415096044 4.8949896661605106 -0.18317046035791523 0.97839423900809774 -0.095881674620517041 -0.045222570335503365 -0.0026282609547721146 0.097044079908525913 0.99527661421288371 -3.370766254123482
0.98001272781649051 0.19615121266155641 -0.033162555527013443 5.0536502009724291 -0.19863440746663497 0.97399831244323398 -0.10895714537427684 -0.050057884680640749 0.010928196926310247 0.11336661382053063 0.99349312296704217 -3.4134728670310186
0.97538091945501781 0.21587328405986306 -0.045064256260296753 5.1093664848740605 -0.21978742867211021 0.96831682088184245 -0.11855808953835163 -0.082379393188790742 0.018042953216867962 0.1255438553912194 0.99192398509801272 -3.4494086046909671
0.97111038785727422 0.23044106055173041 -0.061980095252332182 5.2251392809183672 -0.23706367835108652 0.96134114529686721 -0.14008574076600452 -0.021138520527295968 0.027302509085193084 0.15073194741361678 0.98819757792991558 -3.529202594053535
0.96555044230295972 0.24887117233906977 -0.075996598260289233 5.2905034105510058 -0.25805714639835409 0.95333520320711085 -0.15671151686712467 -0.020288309555126893 0.033449253523766785 0.17092433970805232 0.98471621167424128 -3.6234265391366227
0.96112995710905558 0.25871955352311937 -0.096402272651337703 5.4605436137577419 -0.27195431073977999 0.94738104516365951 -0.16884906909622999 -0.059928411028834193 0.047645130051205423 0.18850291215100637 0.98091620115736378 -3.7148248594544873
0.95696952940307889 0.2663466071897701 -0.11519029747573395 5.6075314470299995 -0.28365654052411665 0.94232193006558251 -0.17767483540266951 -0.11395254671488331 0.061223253849660333 0.20270388490597271 0.97732433113684747 -3.7872693342294221
0.95160657900107859 0.27484495158548178 -0.13749607772528719 5.7507789763265418 -0.29779303758210818 0.93520231225501782 -0.1916140441629717 -0.14530295818444733 0.075922497123613902 0.22328655969592601 0.97179158603564397 -3.8777179602704162
0.94629000195405699 0.28013425987766882 -0.16143118857451774 5.8700119306852843 -0.31010244371105622 0.92767755207055214 -0.20796834804560843 -0.13659640686407229 0.091497030586910361 0.2468585745465991 0.96472231111683071 -3.9332290849788727
0.94052405693875951 0.28303281404790431 -0.18790136905190832 5.9997973349196219 -0.32181597484831326 0.91947524560497884 -0.22583124463212276 -0.12321082327413481 0.10885300479034482 0.27286938064170607 0.95587306921804471 -3.9759504038057307
0.93812642022652448 0.27303737009267764 -0.21300097231196038 6.1107546288057932 -0.32127491581908418 0.9157805658672713 -0.24109828627607591 -0.15410035183256812 0.12923330893545482 0.29461254167583306 0.94683800206207336 -4.0557390222059926
0.93609085941628467 0.26841982606374792 -0.22734269263204604 6.1464546416736576 -0.31996003976001003 0.91826679868205419 -0.23326306907649269 -0.43206921101321871 0.14614881413837899 0.29109600377559136 0.94546477497145631 -4.1984788456847042
0.93562382054717685 0.24893358616917594 -0.25028011527418181 6.2511664320480964 -0.3089708403293378 0.92040182066999554 -0.23957777095035368 -0.51486846446668344 0.17071932008676438 0.30148392690873382 0.93806308719872467 -4.212376026088732
0.93371392856451718 0.22783123487131138 -0.27617246065027751 6.3346838964398202 -0.30159541211071633 0.91620511301111285 -0.26383403549591788 -0.4285030290117009 0.19292098641252825 0.32963786085537478 0.92418633061321009 -4.2530971669451825
0.92968412065734252 0.21566759202569166 -0.29862170977245373 6.4102557505711468 -0.29887824993736806 0.91550645713554157 -0.26929485449504048 -0.56745831136589453 0.21531193072368263 0.33961068400886429 0.91559016803102 -4.3528419846566528
0.92517178752758167 0.19395765015871849 -0.32624774866338541 6.4668254846894984 -0.29480240744853115 0.90861628411947426 -0.29581749237573673 -0.43161719104662583 0.23905795139582689 0.36986061993381647 0.89780533396533324 -4.3648096404536485
