0.99784425252858211 0.032953255036012687 0.056753243768145618 -0.56768652598536473 -0.032863163550998539 0.99945668282568323 -0.0025202453258112802 -0.086731229689146788 -0.05680545904308297 0.00064972118132055267 0.99838505481867634 -0.18858689791186825
0.9984186173816777 0.032587192706676316 0.04580763404888645 -0.38717810460474344 -0.032650922053131991 0.99946660934228215 0.00064350518448939994 -0.1186306153830264 -0.045762230657377896 -0.0021381490453444363 0.99895007210767106 -0.25019160168586552
0.99707227245572916 0.042927085091361845 0.063278344364617906 -0.53812708554900524 -0.04336846271925858 0.99904335189382265 0.0056176043047044353 -0.1957164615305399 -0.062976661878321794 -0.008345442008362073 0.99798010684399341 -0.31203002931675849
0.99640217656931362 0.038654841427126489 0.075422183488533273 -0.71229481518378079 -0.039892745107668555 0.99909173909542703 0.014975505301987893 -0.34179969850194908 -0.07477480468519368 -0.017930424019497897 0.99703923116333404 -0.26463082843066532
0.99598225333897483 0.035972390686994662 0.082008158997017883 -0.78056513158221963 -0.037978569564342132 0.99901301104337892 0.023035451371489248 -0.40987286037240223 -0.081098577593348528 -0.026057453334968114 0.99636540979604049 -0.30162831116316396
0.99550270860872658 0.042490520843559705 0.084669432448386608 -0.77117390284259202 -0.046196338280367961 0.99803638779116732 0.042299727827075299 -0.6062292011953857 -0.082705837050202763 -0.04602091136865781 0.99551083381077454 -0.39207254087555737
0.99373230409653324 0.045974146487898243 0.10189448292083426 -0.95510667574548902 -0.052238638034741151 0.99684924000801234 0.059688503011247521 -0.81568461565741968 -0.098829309879560609 -0.064637222636478447 0.9930029189073778 -0.43434459898574224
0.99299384914497069 0.050878468466580173 0.1066517557602816 -0.96017263000325626 -0.058717923090571944 0.99569632885500381 0.071700949872353203 -0.91699149224275123 -0.10254472715934856 -0.077460971793305244 0.99170780816763349 -0.53904173225706808
0.99248768897515283 0.052023907281950311 0.11073256207583727 -0.9933510674286361 -0.062605663049438737 0.99357004939123872 0.094334977112584831 -1.1583670036071712 -0.10511288306815804 -0.1005587888939142 0.98936303336504805 -0.62282041726855919
0.99215042974120515 0.054638089760378761 0.11248201594778844 -1.0031623562463539 -0.067393044869445487 0.99131703264815718 0.11291022223376183 -1.3144522039998665 -0.10533613941837176 -0.1196044310591768 0.98721784718644756 -0.71432385095887685
0.99111885027676727 0.054113577471668145 0.12147075927677603 -1.0880326860773737 -0.07000207278682602 0.98896063950231672 0.13060077840777592 -1.5079248180077651 -0.11306252443496305 -0.13794409827312962 0.98396559458143995 -0.75595296573341419
0.98763280790638008 0.044621965000539603 0.15030075510938054 -1.5433039666868866 -0.068797382921028771 0.98476383079776553 0.15970947891633525 -1.8988537907602829 -0.14088419659485127 -0.16807461971398482 0.97565494174827139 -0.75412594063154492
0.98654889818255054 0.044023308205307594 0.1574268713703478 -1.6147624111159735 -0.071585266932857078 0.98214854652724659 0.17395339063257373 -2.0353102734228794 -0.14695856917154285 -0.18288297047313537 0.97208898669719301 -0.82189359554754948
0.98582090611602502 0.041584895896147632 0.16256640950050472 -1.6815422315591657 -0.072712701715093656 0.97898862153503163 0.19051021472412091 -2.1982662781767801 -0.1512283176983433 -0.19962959534659538 0.96813120009009312 -0.87470256270918334
0.98658424336445405 0.042965214290635559 0.15749768603362746 -1.581653245818136 -0.073442362645346385 0.97841869651673885 0.19314003643873312 -2.1535505047920074 -0.14580037761973302 -0.20211591888677527 0.96844793624567027 -1.0361310576465266
0.98566518250134982 0.042823996291571804 0.16318778553004543 -1.6301852129963303 -0.075941142028565292 0.97633796740036594 0.20247744654632396 -2.2305992902844975 -0.15065553740894466 -0.21196763610075398 0.9655944440052876 -1.1351145792178794
0.98522590586375913 0.039195193120996674 0.1667142802855934 -1.6136067527014675 -0.074140243433343869 0.97512505599049226 0.20888836607907035 -2.2881421993221638 -0.15437985204870527 -0.21816246701884126 0.96362440777808911 -1.2545562786336932
0.98433733843464077 0.03707851550359096 0.17235193022260434 -1.5993446286363378 -0.074485422341681581 0.973557508211494 0.21595763488149283 -2.3203519880033694 -0.15978712720988766 -0.22541286984792333 0.9610708153330505 -1.351206408850842
0.9824996472684403 0.035174465942414593 0.18291309429085795 -1.6556558601777478 -0.076721345209429179 0.97125777806762592 0.22532679319689014 -2.4161953380091887 -0.16973001592719533 -0.23541683348648715 0.95695905670229686 -1.4400560173802264
0.97982900677873763 0.039284747264065736 0.19593832220214266 -1.7416256106202594 -0.085433439978971751 0.96871578664361335 0.23300397430259615 -2.4929224183259593 -0.18065504368367799 -0.24504373760584858 0.95253205817536901 -1.5264352724714674
0.97746614050619729 0.045062978405883428 0.20622626443086672 -1.7341092958036892 -0.093963102588217981 0.96770760168278736 0.23390795838821715 -2.4772430935746677 -0.18902613447858191 -0.24801476896051727 0.9501356718182653 -1.6561988169943669
0.97488882596539372 0.050093862575353219 0.2169847504782258 -1.6888365482299628 -0.10276236479962964 0.96562277081721126 0.23877303210387776 -2.4750480092330971 -0.19756435252495352 -0.2550750270245466 0.94652261314763275 -1.731764050557377
0.9711575863138816 0.052734548063174937 0.23253388997212565 -1.6083288137750282 -0.11075560499737119 0.96341045493940158 0.24407681429239009 -2.4339095821393721 -0.21115430023246567 -0.26279148150963394 0.9414640188235075 -1.7080305583103697
0.96730972613969102 0.056965067973381779 0.2471171275859767 -1.6462128027022511 -0.12008822391908808 0.96115739762378993 0.24850608738826227 -2.4845116020421196 -0.22336228909893197 -0.27005821228737259 0.93657773291096025 -1.7807904157249668
0.96285303753449547 0.06193437337154932 0.26282724650551159 -1.6635848564637485 -0.1304258085442247 0.95894082130772085 0.25183647411615956 -2.479941534176223 -0.23643844140955739 -0.27676097019765511 0.93139692333562718 -1.8209737431572728
0.95740522527030592 0.056641244574084613 0.28313778278112822 -1.6470416759800908 -0.13374207601059993 0.95603369269460836 0.26098397563276904 -2.5506608138033071 -0.25590680281987338 -0.28773485684881761 0.9228869705574464 -1.7329686089080809
0.95222280396323167 0.054430786666476855 0.30051459378084971 -1.6404844140775201 -0.13887036102256881 0.95354908912936354 0.26731845699469076 -2.5898489558907962 -0.27200506326512019 -0.29627930080150611 0.91555001036246431 -1.6931601122092834
0.9478256228765759 0.05958789458224862 0.31317067461351877 -1.6528601585622404 -0.14832318747684381 0.95199830545544806 0.26776754558135796 -2.5576085888252691 -0.28218224727176006 -0.30024741335973304 0.91116665330522773 -1.7352666540325965
0.94448227500456627 0.061114276812480578 0.322828557243449 -1.6180798937173451 -0.1533550679386661 0.95095505882884734 0.26863860337887174 -2.5465795813838641 -0.29057779567566139 -0.30323179460193667 0.90753238146237114 -1.7799510889941585
0.9413464625845549 0.062410184893481678 0.33161997256062081 -1.59905322631095 -0.15808507651054665 0.94979551287253561 0.2699955412814295 -2.5649933789982771 -0.29812069026520138 -0.30658351643354692 0.90395276507516764 -1.8237888873646519
0.9387361039133153 0.063947336219581777 0.33865213036398994 -1.5525835300077462 -0.16250181766027763 0.94867365459006592 0.27131431282524371 -2.5639124123362467 -0.30392052656369717 -0.30972412769616137 0.90094576876529986 -1.8428147168202356
0.93602494519055102 0.065548336131488555 0.34577553067187833 -1.558500890412124 -0.16666342152956684 0.94790706563835547 0.27146914895976715 -2.5755614593763743 -0.30996871762338146 -0.31173002829896845 0.89818916913512203 -1.8717045588395311
0.9337047102356526 0.067899940287323268 0.35154674254319845 -1.5917619803315999 -0.17127085612217219 0.94693397244047339 0.27199695895594644 -2.5992353172194731 -0.31442297614349696 -0.31417455330927524 0.89578599125348213 -1.8897018856929031
0.93251081550959569 0.06982518751892125 0.35432756334439514 -1.6191763636743923 -0.17426966922766129 0.94634306270430602 0.27214865433934327 -2.6269616755047989 -0.3163126006736221 -0.31553011086009097 0.89464355348692293 -1.9076421375291419
0.93333258624372772 0.069568777259646539 0.35220799066204067 -1.6099730587838352 -0.17376917900873662 0.9460103518897488 0.27362142924862992 -2.6751143531469941 -0.31415689691971443 -0.31658268958998859 0.89503119765164896 -1.9294485590055785
0.93778803748878981 0.066078900820751019 0.34086239981735322 -1.520682026065161 -0.16637293982972889 0.94719877068126501 0.27410679253224202 -2.738044441068852 -0.30475177052043056 -0.31376435056618773 0.89926541725924347 -1.9893971937754538
0.94290534688839478 0.061763294398209254 0.3272839780288001 -1.476907173127086 -0.15621489493562948 0.949876020877222 0.27079965207271889 -2.7940746430898753 -0.2941537241129647 -0.30646507211676755 0.90529152551149972 -2.0723510183143268
0.94802405236797982 0.060586384920439627 0.31237747373020652 -1.4580108603496562 -0.14965828222214586 0.95124448286102004 0.2696967415242294 -2.8389600398088284 -0.28080739786214687 -0.30242887393359569 0.91086990372783039 -2.101460238392471
0.95541647378316596 0.05565071715019717 0.28996958341248441 -1.4107763843274101 -0.13711751240675762 0.95338226728345732 0.26881413694379425 -2.9092186513329858 -0.26149215937600051 -0.29658936277304859 0.91850781187464769 -2.1582598353568616
0.96127146170656219 0.074006114727033737 0.26548120817025511 -1.5385101761416271 -0.1461680809677198 0.95353639444151328 0.2634449403228179 -2.9558387432230004 -0.23364945755285482 -0.292046981594551 0.92742465544472596 -2.2745152744544073
0.96844917331621738 0.088187490501554874 0.23308617552779357 -1.5232564238256041 -0.14893868532105251 0.95469923321993022 0.25761723953205107 -2.9616944834978036 -0.19980857518628098 -0.28420475120644245 0.93771221207453215 -2.3701150937937769
0.97498825226966357 0.099967172465012383 0.19850559781904761 -1.5824169376529653 -0.15014111596353627 0.95478147474657826 0.25661251095371979 -3.0716615712246753 -0.16387664029193114 -0.27999803554685782 0.94590990419623433 -2.444338530730612
0.98034001576166974 0.11641100989079683 0.15931707464240641 -1.6355003409203919 -0.15470940872566549 0.9546308282539514 0.25445034996818167 -3.1400954117455813 -0.12246816871401424 -0.27409571051619913 0.95387267972641709 -2.5043002162617136
0.98506043979395008 0.13005201181457759 0.11288225802104924 -1.6360112324644902 -0.15497841571906912 0.95528300101230235 0.25182549243104263 -3.2421072213313655 -0.075084090286539146 -0.26555764383634434 0.96116674785696388 -2.6022955980716289
0.98801200023658875 0.14092261835313225 0.063032555278936281 -1.6415225812631156 -0.15233039106875604 0.95621191090695579 0.24990845003022175 -3.3637388757425994 -0.025054727005788247 -0.25651432138608837 0.96621564030939799 -2.7126404916094589
0.98794444312511953 0.15443524411432583 0.010748612633527273 -1.657547600892052 -0.15220531872637219 0.95630539584848162 0.24962678306320063 -3.5011377938480166 0.028272216920511961 -0.24825338919424111 0.96828246731208145 -2.8137837249777289
0.98539382076254844 0.16608633687320826 -0.037607801145848226 -1.752628691108298 -0.15212802628567185 0.95780069873879925 0.24387473242198307 -3.5581638305281977 0.076525039179424284 -0.2345914538074802 0.96907727668080246 -2.9238811435514931
0.97959278276518946 0.18013478353434789 -0.089159630525175268 -1.8428915279574105 -0.15393264100458096 0.95761375830517248 0.2434761424410973 -3.6922224425495216 0.12923901109071875 -0.22478289451307526 0.96580014927862634 -3.0194111312111627
0.97037688094526064 0.19234330204358102 -0.14619426488723622 -1.8983031533738821 -0.1528348992065986 0.95736867941597537 0.24512589675067054 -3.8195394142134518 0.18711013471070051 -0.21552091738920212 0.95840520222725223 -3.1016154981917956
0.95886571756809125 0.19904960575675473 -0.20237536935286829 -1.9725674476418851 -0.14986047121913515 0.96046322919027094 0.2346321046646766 -3.8234668370451699 0.24107752868861118 -0.19465261318943924 0.95078493116998586 -3.2177789413586249
0.94431530119022822 0.2088117185611385 -0.25429565102367052 -2.0716005323232483 -0.15068822541911048 0.96147123893439546 0.22992632607424093 -3.9041061625481199 0.29250926593536797 -0.17880358747380518 0.9393974698967682 -3.3633442527919843
0.92827148504249257 0.21229737308197688 -0.30535532652878 -2.1627671481932071 -0.14655466212001253 0.96343623451167582 0.2243041529728155 -3.9583696118172855 0.34180956842647769 -0.16346390247530235 0.92544355393489552 -3.5094903030574636
0.91058921814895899 0.21718849674091281 -0.35164816603288346 -2.2876170233253799 -0.14544135809266309 0.96476734449843859 0.21925050135767729 -4.0260817472387078 0.38687735414085644 -0.14850295577143777 0.91009493185058277 -3.6644313451113226
0.89067801075295838 0.22084515667099264 -0.39739161784833649 -2.3945481926343772 -0.14402567141484984 0.9661333601562393 0.21410963632381447 -4.0902187017461547 0.43121837522843948 -0.13346815038869422 0.89232111131428793 -3.8047956536007859
0.86982963027346161 0.22487593151066904 -0.43912097390758031 -2.4980494507308557 -0.14098763573074213 0.96626067047965603 0.2155523213868544 -4.2269007768663869 0.47277785573077402 -0.12558316810550332 0.8721868876675436 -3.9055471413441372
0.84794440513297253 0.2293200569505863 -0.47791484312989191 -2.6122543764350592 -0.14013970017013744 0.96648302956215104 0.21510792176158994 -4.3316884222134089 0.51122514632978788 -0.11542471593444008 0.85166072159724537 -4.0138863980948676
0.82567579725018692 0.23195074082733835 -0.51425512312948074 -2.7280272132785557 -0.1386979796294234 0.96704958970165777 0.21348995644894331 -4.4271089140050934 0.54682935938186839 -0.1049473434037496 0.83064054008368216 -4.1192724078933312
0.80861549174694547 0.23074147083600544 -0.54120177396538716 -2.8582384591473344 -0.13572927662854106 0.9682318193327093 0.21001120802844031 -4.4987314530526836 0.57246707326512536 -0.096361390961882135 0.81424562163953507 -4.2834798992930674
0.78993208685959859 0.22902273975030435 -0.56881972788125434 -2.935448511237011 -0.13100772139512626 0.96924843806553762 0.20831332708776221 -4.5970352052681198 0.59903612168591069 -0.090033604752783256 0.79564418864887254 -4.383789010782567
0.77256050303120549 0.22540518214945462 -0.59358468057754143 -3.005645974664696 -0.12655067258805278 0.97077186257061998 0.20392870839752006 -4.6485139642737883 0.62220189361949252 -0.082428724977039777 0.77850517588194457 -4.4777377358044435
0.76766818070823994 0.22041522181540266 -0.60174969407567447 -3.1740396800899631 -0.12071602978515555 0.97191682653873135 0.20200327334919785 -4.6891581894879364 0.62937524933938294 -0.082430651355840726 0.77271727251048383 -4.6733394017784891
0.76297754612410928 0.21607327432631304 -0.60924346876461311 -3.2999198018810385 -0.11582364599628601 0.9729247571611308 0.20000574974505525 -4.741412925085517 0.63596395113131954 -0.082035096299453159 0.7673461382170238 -4.8613357256943468
0.7573563554217474 0.21413665625839196 -0.61689289455201457 -3.4133363452482568 -0.11336974644115584 0.97347497385650605 0.19873041002056716 -4.7958406134237839 0.64308525989495047 -0.080572748007933695 0.76154407671801527 -4.9998709299209843
0.75385557207230847 0.21077274050936565 -0.62231553758017655 -3.5076835599794656 -0.11175148224140614 0.97448093199601815 0.1946754206185789 -4.8570597555497175 0.64746689697032489 -0.077212466832393842 0.75817204663141979 -5.123508928145565
0.75396975134654687 0.2103453973505513 -0.6223218041077021 -3.5774115950748575 -0.11017458195392739 0.97442034970624036 0.19587379500496171 -4.8982886745604466 0.64760418122932484 -0.07911887190681556 0.75785818499405899 -5.2107151421415612
0.76189219654459506 0.19965385727403445 -0.61616444081109678 -3.6492798163713203 -0.095551236713792842 0.97554333417216277 0.19795242942364866 -4.9546908653791224 0.64061707907838106 -0.091943136926359761 0.76233602667408051 -5.3289572943949812
0.76782831750289104 0.19370921438484559 -0.61066882604492412 -3.7367096229687271 -0.088126451427819219 0.97606769646973057 0.19881041337669902 -4.9744448426137806 0.6345655233302705 -0.098836188568153696 0.76652332282188307 -5.4107214481612385
0.77560158734431117 0.1912678423247815 -0.60154699750011842 -3.8622384757975254 -0.083343880882134042 0.975673952319281 0.20276621090600375 -5.03088482034092 0.62569639221310003 -0.10713053373383265 0.77267527041663153 -5.5014508249678977
0.78197109313462287 0.18862443425012168 -0.59408924607811586 -3.964748745517197 -0.080836335838957968 0.97575253506936499 0.20340225444630355 -5.0378948835881205 0.61805072308830289 -0.11103068544113878 0.77825798459154727 -5.5373224162542671
0.78597825927507159 0.18900757772711274 -0.58865466235192399 -4.0385866675323294 -0.085559177068965944 0.97621514558348088 0.19920747162871369 -4.9875268170807585 0.61230531858396409 -0.10620793329668397 0.78345521361379533 -5.5453780386016023
0.78721625192473899 0.1811764038309002 -0.58946219844911896 -4.0683040368989634 -0.085547421684761787 0.97871034828213999 0.18656819881357581 -4.8710632047515876 0.61071450887354506 -0.09644254694041926 0.78595586631247305 -5.4898677731026773
0.78543527476296771 0.17114011829704429 -0.59481298663302129 -4.0759964085882068 -0.087050476067274049 0.98200508104495421 0.16759545166368317 -4.7243265056578672 0.61279168056892053 -0.079856625969087075 0.78619925942114144 -5.3562940438973428
0.7882788522441635 0.16488402152602155 -0.59281507280941381 -4.1298060482303542 -0.094963488673483143 0.98448552569880809 0.14754723144980578 -4.5336640303196258 0.60794603948342774 -0.060012574806849982 0.7917070821594735 -5.1673810916104088
0.78700625985042161 0.16395846688926577 -0.5947594203470612 -4.1074275992929898 -0.10314513050717675 0.98543871411344786 0.1351725666660655 -4.4196532647445341 0.60826164518972281 -0.045035118094171551 0.7924579541712834 -4.9885547377857185
0.78180102835963283 0.16488279571516451 -0.60133253340641046 -4.0613740271979379 -0.11858762401230384 0.9861195085514689 0.1162122639196304 -4.2538715174873474 0.61214714529019643 -0.019544271062402616 0.79050230485540174 -4.751628924030924
0.77277020285450804 0.15179411016714009 -0.6162667942529183 -3.9876068209069375 -0.12766955761127116 0.98830904556153831 0.08334095344177106 -4.0262400752171885 0.62171271310754517 0.01427510349550079 0.78311526851457069 -4.4447832412687456
0.7666192550316796 0.14706288801947501 -0.62503393890415593 -3.9240539278986328 -0.13765565191913862 0.98842793347803937 0.063727088549922081 -3.8664343510366472 0.62717289427189826 0.03718504118195938 0.77799192373886916 -4.1161396424892356
0.76197792372026263 0.16029427806261842 -0.62745150265446159 -3.8295849609616539 -0.15070204797788211 0.98617361546543481 0.068923819504616013 -3.9269306006871041 0.62982421079078077 0.042039797575829443 0.77559919992322945 -3.9233014495197689
0.76068735535521892 0.18971903612597302 -0.62077486638403367 -3.6910218705885058 -0.16692365319385963 0.98134653615810763 0.095370173402903755 -4.1457606802858793 0.62728880223314942 0.031075123522129471 0.77816649586768083 -3.7912094950549262
0.75969754345235441 0.22192569465443024 -0.6112353299054355 -3.4706682004406044 -0.18599483652861201 0.97484984670608665 0.12277498589620876 -4.4144713820810448 0.623109591690862 0.020414760083526426 0.78186806707626777 -3.695333630057132
0.7584872503982163 0.25195138970394626 -0.60101380034871388 -3.2185650174841087 -0.20788007954199447 0.96760326342469272 0.14328222897309612 -4.6153968660758258 0.6176430712903429 0.016261052737595681 0.78629041368370867 -3.5480979538320168
0.76770295453481252 0.27390790021632705 -0.57931566161946813 -3.2042876200614208 -0.23083621848422883 0.96155735308581924 0.14873498903248805 -4.6772985482428133 0.59778492272256334 0.019542746113983114 0.80141828481754984 -3.4461739546913015
0.772935574751896 0.30695156609391583 -0.55529391618803892 -3.2311216460599077 -0.26864912837214838 0.95119344382387694 0.15185084211606564 -4.741042994826719 0.57480278627355441 0.0318083086467328 0.81767352188583986 -3.3230735172720869
0.78063201221738432 0.33990771629754429 -0.52447726919555437 -3.2608163947661342 -0.30167775833277899 0.93987111627534559 0.16010251377990734 -4.8429791378242308 0.547361116292295 0.03324197937434157 0.83623607861567939 -3.2924955682855894
0.78567277229845245 0.3668582604402556 -0.49812981402001427 -3.138357979203684 -0.32282924710078748 0.92999888972373324 0.17573657083533425 -5.0333424727206113 0.52773058664928951 0.022739434016116011 0.84910738193436031 -3.2304258317582364
0.78915450100785955 0.38794632668687001 -0.47616469960424507 -3.0387011852406074 -0.33772062869359121 0.92162828202434344 0.19117030817483899 -5.2199918132534222 0.51301067288492375 0.0099477325568067335 0.85832458436371051 -3.174012775443606
0.78791597430596483 0.40182696978499005 -0.46660851233865736 -2.7583761163839164 -0.347020014816809 0.91571275161855692 0.20260124836662033 -5.4445740530164803 0.50869001046808826 0.0022897328630195682 0.86094670588451205 -3.0547154236939909
0.78215954562102075 0.43436892861785448 -0.44671028535874974 -2.6330104855116452 -0.37222959156554503 0.90069038411313085 0.22405794591821185 -5.7567703076076144 0.49967146842386939 -0.0089702741049523752 0.86616855047133667 -2.972166492519019
0.779412011437005 0.44020881678865165 -0.44579492375896035 -2.4253163563339331 -0.38270791606552007 0.89789479736360989 0.21753065036483663 -5.8281139742578656 0.49603585294664815 0.0010632445143217808 0.86830138897884646 -2.8332877927494144
0.7710997184578815 0.46359313412301961 -0.43644774050070678 -2.1704691010578903 -0.39430707154437433 0.88589781361399345 0.24435015278089306 -6.2015048918357536 0.49992715221747669 -0.016323903575494337 0.86591360576432908 -2.6659846262163138
0.76904740993686105 0.47949863188186143 -0.42266670473652063 -1.9733696338015221 -0.40056122062973099 0.87683662544054997 0.26591021193938535 -6.4997614768982137 0.49811322989559897 -0.035193668598939375 0.8663974930097168 -2.4979684417083776
0.77051688922794048 0.48493135751465483 -0.41369711373599427 -1.7459372945556935 -0.4014898177808322 0.87331522800798933 0.27591020051398557 -6.7173366705290487 0.49508549729598456 -0.04649829059597297 0.86759913516487575 -2.3737186553326124
0.77345431329457726 0.48779419308410676 -0.40475332047981921 -1.5308998277720689 -0.4058689861793584 0.87162063228710607 0.27485967224961394 -6.8568168793966109 0.48686629715328822 -0.048314579216324587 0.87213927221023335 -2.3096825550175191
0.77480473683328377 0.49410462842008074 -0.39438336166040283 -1.3233685066607856 -0.41223411380724972 0.86782551173638867 0.27738405973131708 -7.0367350972997293 0.4793126904164523 -0.052340207807470784 0.87608210086293448 -2.2571872774560475
0.77306092476645827 0.50440271595505892 -0.38464880961259773 -1.089452469020225 -0.42851427914976464 0.86236645661734856 0.26962864659749375 -7.1994657711474463 0.46770965263075964 -0.043611863505229713 0.88280557666884696 -2.1849189919058483
0.77452977510749643 0.50704743639102068 -0.37816203500777934 -0.85439172657402263 -0.44071600170389419 0.86143633526908592 0.25238234114196662 -7.2391979918308786 0.45373233664139945 -0.028815577860954178 0.89067200986585116 -2.171157225655993
0.77153561773248702 0.51435118868466256 -0.37440038096778766 -0.63018672587783164 -0.45517319214034513 0.85745299534293451 0.23998276174383448 -7.2955841983146401 0.44446614688513464 -0.014738231783508334 0.89567439887326106 -2.0927157559902048
0.77184187253306247 0.50501267185129051 -0.38629305594881747 -0.26671462723190875 -0.45934807232380931 0.86298061146025351 0.21038966870093043 -7.2231868863815123 0.4396128663461254 0.015055414750425954 0.89806116842319617 -2.1273571705441459
0.76947858565236249 0.50708034554257553 -0.38829399864904185 0.0086230430636089917 -0.47150355835040891 0.86111500292282217 0.19017188594566456 -7.2632242822991575 0.43079821341939462 0.036748808220819655 0.90169974182596235 -2.194613711333155
0.7619532717754357 0.50522066797267284 -0.40519043459089149 0.44864597818776336 -0.4816936303142868 0.86030479185786246 0.16687393931061631 -7.2264410735152547 0.43289543557925458 0.068027507374930449 0.89887362854574915 -2.2288546932897932
0.75023913855349755 0.52295587431283652 -0.40454714002721937 0.61793451066258887 -0.50426243425135209 0.84832216406712269 0.16145867383133897 -7.3503886352099954 0.4276220672339151 0.082865309232334261 0.90015149177259191 -2.2379437977711438
0.73849935377617126 0.53729281283219765 -0.40735136890778056 0.7236839359546432 -0.53100983932069445 0.83577188477878461 0.13969218717568996 -7.2927526907590998 0.41550842953758216 0.11314499499395848 0.90252476702361439 -2.2335284266236344
0.73142728143848879 0.54156812709112134 -0.4143888218648239 0.8919754764049358 -0.54845069670182245 0.82831067751980225 0.11446944917300741 -7.2217219007749449 0.40523569099326284 0.14354576004083602 0.90287244365940833 -2.1922398012758673
0.71744753255335825 0.54517932077974318 -0.43364564592214705 1.2573320084566622 -0.5686111485380031 0.8179327943677811 0.087563152387329063 -7.1703806386390641 0.40243061487838028 0.1837537811634132 0.89681890486137583 -2.0965615022336883
0.69299633864688115 0.55644111738852176 -0.45839868837228426 1.6804826361914418 -0.58829583068269542 0.80399699864067375 0.086584304456095815 -7.2736420143577538 0.41673023675199594 0.20967143118746959 0.88451896572115629 -2.0555368276902906
0.67330184106103741 0.56094016207066977 -0.48167495824461187 2.0649436788725475 -0.60850463846258118 0.79046114839765058 0.069951968116635954 -7.1650814323416512 0.41998420898093458 0.24600265740434243 0.87355363702331446 -1.8610393835668961
0.67711517314761849 0.5394825954777781 -0.5004733474120584 2.3261662239903207 -0.62120013665228957 0.78364033199684324 0.0042685232872683235 -6.590385652808636 0.39449389414342989 0.30800382991845604 0.86574142111782726 -1.7450665030206058
0.6811822491020606 0.50563775828163104 -0.52945368155126227 2.5671159156817285 -0.62113362105650638 0.78195392123012741 -0.052355418688615464 -6.0292931640437759 0.38753550585912899 0.36452506425862485 0.84672174250207777 -1.4554687746678199
0.69414720514932537 0.46577824042873184 -0.54882628246695242 2.6553144937919644 -0.62009292877283406 0.77413260869474454 -0.12729282714041124 -5.2274480723805841 0.36557409272172109 0.42868325707751187 0.8261877800065226 -1.127775948970603
0.72831577285302895 0.4054140494705023 -0.55244509546689313 2.5287142787846806 -0.59442097986980802 0.77487770008152046 -0.21500755476724748 -4.3505457077732341 0.34091030155176155 0.48497834839124798 0.8053422675406926 -0.82658316960651235
0.75214108665399504 0.36343896596830066 -0.54972347938107924 2.3426679901278074 -0.57393322188133711 0.7712044768741495 -0.27539845981809308 -3.7427123911567275 0.32385867687597208 0.52264306449541864 0.78864426996395698 -0.55323179686214785
0.77452375953258557 0.32330538204643539 -0.54367874324762566 2.1419238051098461 -0.5522571869345636 0.76471571103778979 -0.33199680837485535 -3.1571907792291896 0.3084233217489103 0.55738990951736489 0.77083820829639216 -0.3527062630498774
