0.99998381174665063 -0.0050974679655263365 0.0025282533456332996 0.29616658880971619 0.0050869116083360442 0.99997839049355597 0.0041643578383905797 -0.03563963955707139 -0.0025494263920045196 -0.0041514294234181381 0.99998813295899369 -0.14525707622459486
0.99995775094133399 -0.0085191828647154591 0.0034525143977274424 0.46338777744997356 0.0085054909122652244 0.99995598156086019 0.0039612580070110103 -0.035192652902046546 -0.0034861091047685916 -0.0039317253177547458 0.99998619419436752 -0.23619472150961107
0.99993185144241958 -0.010580490857011089 0.0049341345907575971 0.6209192688292331 0.010546685925015488 0.99992107214398263 0.0068276568768095057 -0.053176915805963607 -0.0050059851112529384 -0.0067751528140012219 0.99996451807922304 -0.31397762818303021
0.999857146542666 -0.014549705339116144 0.0086018940997142461 0.77774745018897473 0.014499881457655498 0.99987789540411698 0.0058264671927107554 -0.05238359100856578 -0.00868561714973334 -0.0057009084169710707 0.99994602839250757 -0.42504375115049275
0.99980179731298191 -0.017108460073685057 0.010181683732963007 0.94992120326427087 0.017049785720348244 0.99983769192540251 0.0058219079496521107 -0.051415155723758717 -0.010279635043189442 -0.0056471585059335427 0.99993121698654241 -0.52326048192905672
0.99971765624248787 -0.018437383301273279 0.0149890191149627 1.0896996671622972 0.018264947683976903 0.99976634285726718 0.011560768828535508 -0.085801800146171989 -0.015198667149733051 -0.011283731067655808 0.99982082291281793 -0.59304314764927213
0.99957379254058421 -0.021921884600128422 0.019278595426322868 1.2522459100275209 0.021749507613625586 0.99972198063161422 0.0091060617484785365 -0.071785691138433791 -0.019472857638210869 -0.0086828807190306185 0.99977268186214263 -0.70578557059722702
0.99941812043597922 -0.021620699735384587 0.026381165386821566 1.3779174299100494 0.021415039075328653 0.99973823394581829 0.0080535512848998857 -0.056495312798964012 -0.026548383107387885 -0.0074839114003779185 0.99961951482778422 -0.80568918976201487
0.99928794732776705 -0.025346846026818071 0.027948805376093306 1.5706323292291275 0.025158236783418601 0.99965841317585147 0.0070795542718452443 -0.049693417995861154 -0.028118702804493106 -0.0063713705928423207 0.99958428568548496 -0.93023222504730507
0.99912645344404583 -0.029546774230519622 0.029551956972315149 1.7650710163434395 0.029423196454624861 0.99955642275900591 0.0046079530826666458 -0.029549370750621331 -0.029674998546173774 -0.0037344147855062348 0.99955262423120794 -1.0653619724425583
0.99894061436814285 -0.031457200657342678 0.033587103069495777 1.9282415244908957 0.031145441631995618 0.99946715701677391 0.0097654242281326551 -0.059883651906794649 -0.033876399326746749 -0.0087089937197775795 0.99938808427809644 -1.1772241922125357
0.99869402108503147 -0.03222593662090166 0.03964519211602361 2.0703258420134691 0.031878325477981577 0.99944784137029152 0.0093693513641225148 -0.055456745294606806 -0.039925237804309469 -0.0080932928508823283 0.999169892459285 -1.3065653932759009
0.99850746999616236 -0.035892175570975668 0.041165326363886208 2.2626351083667116 0.03536410752383233 0.99928350442088576 0.01348546222257601 -0.075984443198917132 -0.041619854167282144 -0.012009559737807074 0.99906133856435375 -1.431500380283045
0.99834834356998892 -0.039754267928903519 0.041475089782859319 2.4647994584914921 0.039123870341169306 0.9991078219840317 0.01590228976757076 -0.084237897139810794 -0.042070270507647813 -0.014253358613371309 0.99901297994953597 -1.560445897520897
0.99809778752605116 -0.0440357907488335 0.043146907985702421 2.6419222966081071 0.043322043040169136 0.99891066185498156 0.017340421542408061 -0.091282566292595596 -0.043863505587532041 -0.015438224171439741 0.99891824195576928 -1.6849457995741239
0.99796145180181306 -0.046144916779625372 0.044086135836779797 2.8215661626949298 0.045671240234571003 0.99888809514244026 0.011692356398233543 -0.044115282191922789 -0.044576659061146051 -0.0096550524653498653 0.99895930919574383 -1.8308187381077279
0.99772199971622511 -0.050452243765110538 0.04478149597012919 2.9935956679945646 0.049994387287955869 0.9986857221261437 0.011286702843827082 -0.031701254395904266 -0.045292080123998595 -0.0090221682786812869 0.99893304478207767 -1.9509212764377539
0.99748424608005726 -0.054090534018201429 0.045819133031142399 3.1500482977294402 0.05333711263642351 0.99842302809060979 0.017510265388816986 -0.064451513573090827 -0.046694017151121217 -0.015022353610640518 0.99879627434942286 -2.0427823156198306
0.99727390559701179 -0.057271139604378324 0.046527129545011904 3.2997313746686339 0.056682420588063984 0.99829581890508667 0.013876640548064471 -0.024554896341072496 -0.04724256990850869 -0.01120154119030841 0.99882063708325608 -2.1568690479828527
0.99693465618119848 -0.062893138863894679 0.046537558903777088 3.4538293557837441 0.061925535158064433 0.99783936071313262 0.021950815633914943 -0.066373122479630911 -0.047817563721534243 -0.019001665596827529 0.99867533127853081 -2.2260836768941843
0.99667821643439081 -0.067349790888396224 0.045787973884535371 3.6026559513481096 0.066482461977572321 0.99758289660040123 0.020210063328794048 -0.045895026725595527 -0.047038443156233845 -0.01709883263975984 0.99874672204107651 -2.334777544335096
0.99633498863653858 -0.071153473595771621 0.047473925621170927 3.720101204935609 0.069848612259609782 0.99714745607983679 0.028602835504836822 -0.092548995749124591 -0.04937369526413158 -0.025182017964529655 0.99846287071037287 -2.4006382325746656
0.99600275639124425 -0.074472354202792912 0.049319141522713411 3.8251245612033915 0.072847509101878469 0.99676460187615745 0.033964229187736443 -0.11514181820284992 -0.051688970571055246 -0.030235689278716751 0.99820541644250027 -2.4635418733473049
0.99571455021871624 -0.077905790401765609 0.049831940606560411 3.9326830295784667 0.076312203249481805 0.99653365762691981 0.033122754292521504 -0.099594926888272484 -0.052239660392745434 -0.029178023212499158 0.9982082251932517 -2.5490319841845439
0.99543424069343656 -0.078503726849527056 0.054293989776183722 3.9759446231655176 0.076911096804019669 0.99656121492830241 0.030829013753743289 -0.060784847973971927 -0.056527476889422661 -0.026512445593732441 0.99804896402188359 -2.6244792612558769
0.99535625059756538 -0.081399714440525989 0.051381133554616848 4.0923168918043844 0.079835551440475216 0.99630076523202027 0.031797325741107281 -0.061547583411392243 -0.053779355914251918 -0.027547625797728455 0.99817278523828556 -2.6883960212045381
0.99514432751043558 -0.085095918377111335 0.049461622490159347 4.1974530565998629 0.083573238132461897 0.99598506815530008 0.032082049182323324 -0.052616548546707539 -0.051993088885522537 -0.027792601303911844 0.99826063231047224 -2.7540575871465549
0.99511357367818143 -0.084520354304288239 0.051041994374398311 4.2566971285811261 0.08274135908906613 0.99591994352752622 0.036018517185235834 -0.070004310844768464 -0.053878037988894303 -0.031619231369634841 0.99804678308687556 -2.796026322844642
0.99500346381680871 -0.085681290061883159 0.051252546530724842 4.3273417857214618 0.083898664333481546 0.99582450923269439 0.035980007428032146 -0.068999687285293265 -0.054121355448754828 -0.031500211821429064 0.99803738183476609 -2.8548434529861697
0.9950293801577742 -0.085490345507948692 0.051067929738410983 4.3876246979145579 0.083555981196315951 0.99574406635185331 0.038886402911515974 -0.081392957166610116 -0.054175000038362897 -0.034426082408653753 0.99793783083959486 -2.8880972240883112
0.99518690320406367 -0.084950264985274415 0.04885161379153543 4.4556257476725314 0.083240158760520197 0.99587764327541117 0.036038806774590482 -0.057273039593996308 -0.051711736198169447 -0.031798932421459307 0.99815566132554012 -2.9344647314071501
0.99556038764957788 -0.080639035313045657 0.048547507936079475 4.4888545348200282 0.07920861277921383 0.99638511254052098 0.030703471614880955 -0.029116225206401648 -0.050847912490237866 -0.026721779345593964 0.99834885501210968 -2.9869921917826181
0.995973254343407 -0.076324867191394766 0.047029685102274434 4.524872967270392 0.074991518917943534 0.99674789370031514 0.029494211200928246 -0.02610839927082715 -0.049127881319906926 -0.025848617994028131 0.9984579611705322 -3.0149489881013345
0.99629433422615421 -0.073396269956900975 0.044839571198638885 4.5708772365867087 0.072154102470319101 0.99697985733057026 0.028721935412129147 -0.034626271457048871 -0.046812232221576246 -0.025380142504122054 0.99858122517945613 -3.0432108689492856
0.99688742370192296 -0.066619984411414326 0.042157349797700597 4.6063294470257201 0.065594254205063207 0.99752647425154806 0.025265133733212843 -0.024049396892226214 -0.04373623532294843 -0.022421214157544958 0.99879148518370797 -3.0625698549588529
0.99741537368755184 -0.059106681762347783 0.0408530598947731 4.6257403827804149 0.058329764701375027 0.99809789567274321 0.019955680983719977 -0.010068238407258229 -0.041954867198021245 -0.017521153634573336 0.99896586442866508 -3.0812661610416536
0.99786012536530566 -0.052868977464803311 0.038471306551281406 4.6490532019128397 0.052207106922192471 0.99847384895844205 0.018010855974355384 -0.01430688725881933 -0.039364809065348089 -0.015963839385947535 0.99909737645502217 -3.0825543337567782
0.99844409165631964 -0.04238753317053183 0.03623110360317347 4.6576607470567337 0.041972335569128723 0.99904495695631346 0.012144835405642516 0.0039924764339561297 -0.036711290953319493 -0.010605235116429986 0.99926963833825455 -3.0799468092484061
0.99896605693682139 -0.02879179973461141 0.035183083380246505 4.6457501606221623 0.028569284719070175 0.99956860977648609 0.0068110439833750378 0.0077304225218878817 -0.03536400795639616 -0.0057988462253103744 0.99935767387042918 -3.0770906393319439
0.99934348068253587 -0.016118568856055324 0.032446869731096159 4.6575664463369932 0.01596445175298843 0.99986004172891785 0.0050033223035521081 -0.0172617430637814 -0.032522974918365408 -0.0044820410394507413 0.999460938411592 -3.0634635709526163
0.99956877300371072 -0.0021416315737624379 0.029286198969112637 4.6778123818692556 0.0023007707280211999 0.9999827659908741 -0.0054013123681050561 0.023460918762351343 -0.029274126629385052 0.0054663640057196769 0.9995564738295899 -3.0717078566094957
0.99946427753284162 0.016468356645510152 0.028283407947967364 4.6678047072561224 -0.016101161601386436 0.9997837370078787 -0.013161755568575302 0.028082250531055449 -0.028494043778321477 0.012699308798401811 0.99951329006932266 -3.0771502504814858
0.99904365588580679 0.034659892733054594 0.02665455814780697 4.6763241736102419 -0.034047827326706658 0.99915358221308848 -0.023083860272574835 0.033350929142672021 -0.027432081376600664 0.022154254365384103 0.99937814160850114 -3.104353602457778
0.99857678111855708 0.05004286676497096 0.018442442811206831 4.7568573538070522 -0.049455916392884831 0.99829463172581911 -0.03101516727588426 0.029660686947641603 -0.019963079538018565 0.030058937994454509 0.99934875579149263 -3.1284650511931571
0.99722601694047941 0.073022337499106679 0.014422529708525651 4.7754310451690403 -0.072385270058339626 0.99654915298823954 -0.040622141216379866 0.020038052400928864 -0.01733908347081782 0.039465477376928119 0.99907048414003463 -3.1573244529805651
0.99537433107599582 0.095420981405594962 0.011170377907972324 4.7817758076677217 -0.094722773227576398 0.9941550567116213 -0.051800766855232411 0.021397909600262825 -0.016047967693479159 0.050503064484307386 0.99859496454298369 -3.1869480394216532
0.9932508920590124 0.11593055755071628 0.0035736885645180545 4.8293187524197254 -0.11547700372093396 0.99130810511400735 -0.063034136362066534 0.021198875540058348 -0.010850209012342241 0.062196033324129707 0.99800497313547099 -3.2203973105621828
0.99084043861934057 0.13487708810865745 -0.0065875868087004533 4.9031389072282163 -0.13499542082594831 0.98812663359977471 -0.073362063267070593 0.0049337492614809448 -0.0033854914942781163 0.073579392999032017 0.99728361631646001 -3.2596395965887188
0.98748441783050722 0.15730450065595791 -0.011393797230248989 4.9091561990426111 -0.15768599423851684 0.98329009818482815 -0.090970929602161285 0.052215368821955932 -0.0031067286580467278 0.091629017702094168 0.99578836674867544 -3.3071670417073307
0.98373288673594528 0.1784067115694091 -0.020991732209456427 4.9648959144545186 -0.17962611771562845 0.97824325947397639 -0.10380068943962638 0.041867492733012115 0.0020162808770222817 0.10588281522853576 0.99437657054593998 -3.3686505915570764
0.98044661470299466 0.19319884162882528 -0.037398439950320037 5.0992650672174316 -0.19635783109105692 0.97300630375912223 -0.12125318558382971 0.077819009326405064 0.012962942823817516 0.12622575188245375 0.99191684211684583 -3.4228352313184836
0.97592947408506769 0.21182024384455525 -0.05190227268315184 5.1925331418152547 -0.21696123086398397 0.96714198615260882 -0.13253000763137399 0.061730002894651193 0.022124328555419365 0.1406007216141516 0.98981915073792737 -3.470982790043093
0.97131092827110921 0.22823599539950037 -0.066808764583064076 5.2763449225213126 -0.23590790532958772 0.96021557596143114 -0.14944399581135184 0.086100960824470954 0.030042317222915876 0.16091730200651611 0.98651055802298504 -3.5263298135487675
0.96509440580827244 0.25084338306876114 -0.075301959125883694 5.2725993980880546 -0.25991525455573855 0.95268002535505936 -0.15762242777824809 0.01492153616203523 0.032200129297925296 0.17169265115345556 0.98462418475939073 -3.5939013036772378
0.95985624929162872 0.26415977861449785 -0.0943164463820933 5.3836103655756355 -0.27693858746115174 0.94586878555407239 -0.16922546879676906 -0.016726706213853706 0.044508420223917253 0.18855198719929667 0.98105410077750932 -3.6347736234683969
0.95452231907200902 0.27549568715725309 -0.11397047315487757 5.4993456869684465 -0.29283731483851649 0.93811359745223566 -0.18490317821333524 -0.021856730729682198 0.055977222435212824 0.20986901780152731 0.97612578386981508 -3.7151650475383748
0.94861351941335603 0.28695731225734317 -0.13337125525482624 5.580744273338512 -0.30954586766692094 0.92898688710431698 -0.20289090516473163 -0.014268046752929402 0.065679118420845409 0.23374957653495912 0.97007597067095108 -3.8095373566724167
0.94217388521725054 0.29628012957837113 -0.15660924248477448 5.6824745501209968 -0.32540673931998487 0.92053331765816293 -0.21616860337799085 -0.052917155990592157 0.080117563740834535 0.25463011585097184 0.96371400326131718 -3.8915752496727678
0.93566909609316418 0.30213676811129891 -0.18230939627857998 5.7602284654617915 -0.34006120234355203 0.91000350120692086 -0.23717505444671738 -0.006913460685462264 0.094242884489275272 0.28391372130702802 0.95420714605201751 -3.9226459559247684
0.93313224574550224 0.29460166482670824 -0.20609238469989033 5.8413740716703195 -0.34040424493819976 0.90841216677854097 -0.24271853097110305 -0.12145930835665426 0.11571154643340414 0.29664321049039377 0.94795234252146987 -3.9757691520460234
0.93062861891219417 0.28928312850479271 -0.22415540418214705 5.8368414149717855 -0.34103011619486912 0.90772837640726656 -0.24439241909916495 -0.28610341528327665 0.13277361752131409 0.30388232299281148 0.9434122642105075 -4.0520070021385806
0.92555617241982469 0.28239623006672893 -0.25218671840456425 5.9087001147073988 -0.34450640218289297 0.90444181294017312 -0.2515955998432638 -0.4203169704948338 0.15703856389614201 0.31974579942446785 0.93439901177165496 -4.1066125651426422
0.92490976020942683 0.26159443703591034 -0.27588092717911067 5.9942623582057655 -0.33655883822773519 0.90088608708300766 -0.27410291226301264 -0.35913375452071744 0.17683349196387485 0.34637062319448048 0.92128025459559781 -4.171911290522063
0.92291589318546319 0.248502752863792 -0.29406229939384582 6.0276298648365341 -0.33201478471600271 0.90040885443675278 -0.28112288697628474 -0.45448391768623903 0.19491648682362672 0.35708581135493428 0.91350823011800131 -4.2955640390153125
0.91922201533100789 0.22593648982441053 -0.3224648649025571 6.1248653073074104 -0.32625388435564756 0.89555804646321235 -0.30254617557960728 -0.37343698873168163 0.2204297835449015 0.38331251998965393 0.89692932973870865 -4.336386733847406
0.91000515451417385 0.19910239688034143 -0.3636603557086443 6.3159831643730477 -0.32684500391190224 0.88416465153095558 -0.3338041527617242 -0.21022492890565689 0.25507442477728598 0.42262406999560126 0.86967001401962218 -4.2856360950580852
0.90523273604325416 0.17679789149708144 -0.38638866334020516 6.3611997059787626 -0.32267502281132526 0.87766708853618103 -0.35437453541999059 -0.15699982776112956 0.27646794253467238 0.44546940103963334 0.85154124356253913 -4.3167102845392291
0.90056263717991514 0.15726470473752913 -0.4052835416833187 6.371789810088095 -0.31888200164391978 0.87260230821622464 -0.36997227020857121 -0.14704773691098263 0.2954677741194861 0.46242083034778469 0.83598191973112779 -4.3716682206222695
0.89280288523048923 0.14024611091053829 -0.42805844986237923 6.455942495237001 -0.31790106406367802 0.86943017682574719 -0.37819317959467663 -0.24209187897309684 0.31912681114455949 0.47373219860931876 0.82081415826573423 -4.4488503403961168
0.88870805576173217 0.123049993941416 -0.44165222813342558 6.4723801198609365 -0.31329504318919182 0.86630140660691746 -0.38906052077274395 -0.26566626655733433 0.3347300517391355 0.48412867287725664 0.80843999193559313 -4.5588537656410208
0.88870805576173217 0.12304999394141602 -0.44165222813342553 6.4723801198609356 -0.31329504318919177 0.86630140660691746 -0.389060520772744 -0.2656662665573335 0.33473005173913556 0.48412867287725664 0.80843999193559324 -4.5588537656410217
1 0 0 0 0 1 0 0 0 0 1 0
1 0 0 0 0 1 0 0 0 0 1 0
1 0 0 0 0 1 0 0 0 0 1 0
1 0 0 0 0 1 0 0 0 0 1 0
1 0 0 0 0 1 0 0 0 0 1 0
1 0 0 0 0 1 0 0 0 0 1 0
1 0 0 0 0 1 0 0 0 0 1 0
1 0 0 0 0 1 0 0 0 0 1 0
1 0 0 0 0 1 0 0 0 0 1 0
1 0 0 0 0 1 0 0 0 0 1 0
1 0 0 0 0 1 0 0 0 0 1 0
