0.99998512381438964 -0.0029004859403311254 0.0046194513992093159 0.272228700644984 0.0028825239485624991 0.99998827839150539 0.0038902615952081565 -0.022438090991679788 -0.0046306809008696661 -0.0038768880436671521 0.99998176310045328 -0.13243684395761995
0.99997747467664844 -0.0053405668924425432 0.0040655238998477403 0.28944916057714221 0.0053311788846900207 0.99998310598883333 0.0023165208017544288 -0.015626437806957456 -0.0040778267511410822 -0.0022947945862042485 0.99998905256347415 -0.15368889345183043
0.99994916376445842 -0.0087619343766998526 0.0049898289287852206 0.45653015352215104 0.0087514774250158234 0.99995947124974627 0.0021136463297980607 -0.014971296803108266 -0.0050081463276919992 -0.0020698705047504334 0.99998531694543102 -0.24488260838925763
0.99992044310539752 -0.010827605589539364 0.0064707354375596118 0.61394605970491711 0.010795472113428592 0.99992932402580847 0.0049804352357878919 -0.032774010652037625 -0.0065242043004261818 -0.0049101843638572149 0.99996666186816419 -0.32294079770471945
0.99983368779346848 -0.013813586749430231 0.011907206827332172 0.75171629409468277 0.0137668339303761 0.99989723387160001 0.0039994974004460525 -0.030461003915622818 -0.011961230574081647 -0.0038349076962418448 0.99992110811109236 -0.4184705457046014
0.99977500184465362 -0.016372179728147859 0.013486935065918007 0.92356556375451171 0.016319676797188622 0.99985884896561805 0.0039937819650999575 -0.029442703444793779 -0.013550418287210462 -0.0037727809502645011 0.99990107125062277 -0.51725342327605817
0.99967554021806304 -0.017719756324615449 0.018298210992326074 1.0630869036510167 0.017543855083688057 0.99979875734447898 0.0097292323046708502 -0.063806919526875935 -0.018466928237419036 -0.0094050543981387489 0.99978523569476752 -0.58755973228095748
0.99955748838776359 -0.021094007436869001 0.020973084136556283 1.2331824584121513 0.020916379908067662 0.99974378310352852 0.0086529299885211419 -0.061704864250803473 -0.021150235447557949 -0.0082104199708772762 0.99974259514357733 -0.69746592218677617
0.99933143232475841 -0.019846129991186848 0.030705365852234951 1.3412867980265644 0.019579300184721746 0.99976810016068984 0.0089664321422354594 -0.060414111521016049 -0.030876194260679824 -0.0083592479002403009 0.9994882608627873 -0.80210084564543971
0.99920125432162432 -0.023567583002482708 0.032271076733105648 1.5334749062028534 0.023321216648865349 0.99969609768258283 0.0079895639575989375 -0.054080974286781332 -0.032449564189825267 -0.0072305815559307847 0.99944721945396076 -0.92747982426203079
0.99912874752953817 -0.028574655618708932 0.030417674406972527 1.7544288412095193 0.028438397343669798 0.99958352287088825 0.0049028931813787585 -0.028401914178992318 -0.030545104625454473 -0.0040335916125262116 0.99952525066759745 -1.0567244094715005
0.99894096902127405 -0.030489453782671289 0.034457707684525857 1.9174732285748126 0.030159462030301079 0.99949451037733228 0.010056369902681484 -0.058931673171599759 -0.034746902896239662 -0.0090064939688583468 0.99935556025145944 -1.1687172713813432
0.9986898791828076 -0.03125767743462686 0.040515217131622122 2.059450300758312 0.030890626764153408 0.99947614448994571 0.0096543137317261045 -0.054685344140452542 -0.040795764436365671 -0.0083901249636488869 0.99913227923390946 -1.2981822347671301
0.99848871468292033 -0.034827699381259868 0.042512562927430865 2.2457212376609244 0.034229131445332468 0.99930549040940697 0.014727640615959476 -0.073065373894930521 -0.042995967384724949 -0.013250214844420344 0.99898737659453352 -1.4077237867424295
0.99833305277456663 -0.038692969153952282 0.042824874499123609 2.4477043566785492 0.037988481133405388 0.99913110064089361 0.017144066999796755 -0.081703827320641131 -0.043451018848713933 -0.015488636807928391 0.99893548895353634 -1.5369278390526815
0.998084644121919 -0.04297627940850799 0.044498118794217431 2.6246532378772001 0.042184609563291009 0.99893705131835309 0.018580264244264563 -0.089100653411642777 -0.045249330205154766 -0.016667540658293001 0.99883666893260825 -1.6616544727904086
0.99788111484587416 -0.043541877193289696 0.048346515535659773 2.7643307124864482 0.04296804904270126 0.99899385635314764 0.012846078395011191 -0.051393697479982722 -0.048857214364097061 -0.010741503579631318 0.99874801261651058 -1.8150952465140318
0.99765007667132466 -0.047847006137554882 0.049040682309411519 2.9358823627460588 0.047290902338935133 0.99880371096989751 0.01243854930169766 -0.039588663993379326 -0.049577162823916637 -0.010090141546789598 0.99871932692318344 -1.935940399377758
0.99741523546531274 -0.051511353350871286 0.050094196646279822 3.0918573994802481 0.050632460418641244 0.99854303348439599 0.018659159459499183 -0.072870493818100526 -0.050982369635288627 -0.016074537496984804 0.9985701814247353 -2.0284204678575573
0.99721142747076219 -0.054676077090668115 0.050792671870065684 3.2411611001616065 0.053977613903258677 0.99842911892509356 0.015023703929852791 -0.033516081674084111 -0.051534319817337082 -0.012240142010469289 0.99859621109061292 -2.1431905915721585
0.99688362233538808 -0.060332242988908179 0.050823852425831741 3.394853414997741 0.059220873993220728 0.99797764879649109 0.023097631612495808 -0.075830789205922927 -0.05211460066962479 -0.020015817708872966 0.99844050170177434 -2.2130028724636119
0.99674065426501257 -0.062077386517625434 0.051521512191472031 3.5283508550597649 0.06115519949041355 0.99794188797193573 0.019288074198742629 -0.022372975916547359 -0.052612828384742703 -0.016074399340249585 0.99848560529193797 -2.3124355438163575
0.99640239062274538 -0.065928831077239763 0.053250964254807583 3.6451705512622721 0.064524725070104955 0.9975323696432119 0.027671851557599041 -0.069613093897381836 -0.054943933385819585 -0.02413629521668997 0.9981976775355208 -2.3789873319484656
0.99607325902562693 -0.069278139295268451 0.055123516486628277 3.7497148262543574 0.067526929977381855 0.99717078146218652 0.033023420869468391 -0.092727638985850097 -0.057255361162916157 -0.029171424611726671 0.99793329015732624 -2.4424965547618571
0.99580059838442414 -0.072706755627207714 0.055631788964478228 3.8568720806109136 0.070993495129370338 0.99695758323004946 0.03217919963913371 -0.077701381665949892 -0.057802179081231968 -0.028094571117293347 0.99793266464586516 -2.528581532716335
0.99555114027373959 -0.077156165260560045 0.054081912521121989 3.9732633299332134 0.075508013369351534 0.99663524535390313 0.031886166834214157 -0.063979701967079639 -0.056360154512483149 -0.027660691977075616 0.99802726370709838 -2.6096804645532123
0.9954763867356986 -0.080052237606704879 0.051170330327225365 4.0896506981015666 0.078435680472589378 0.99637751914961925 0.032858535604191566 -0.06497134955368776 -0.053615366085102464 -0.028696316617463823 0.99814924431777763 -2.673566582307755
0.99526903874799422 -0.083748800588095224 0.049251181810176348 4.1948154579444905 0.082175669283969965 0.9960665168746885 0.033145940005640591 -0.056256104120132808 -0.051833385837461735 -0.028941879019534874 0.99823627851899033 -2.739211350247226
0.99523764452541819 -0.083172352713161493 0.050836902577306088 4.2540467412468095 0.081341698300415946 0.99599628472986157 0.037080034006414353 -0.073771055359860532 -0.053717399761168301 -0.032768285711495357 0.99801837679194494 -2.7811452348774535
0.99512915358530474 -0.084333446008865248 0.05104740511392053 4.324707623247166 0.082498874321131482 0.99590254693040525 0.037041230450381712 -0.072928063814132069 -0.053962055375430841 -0.032649454846933358 0.99800907294365659 -2.839945411486394
0.99515462248847275 -0.084141866692915138 0.05086672398785775 4.3849822516901504 0.082156096104531742 0.9958185339613721 0.03994775703198504 -0.085440058513872819 -0.054015305355872512 -0.035575183603957172 0.99790618451779145 -2.873169726197752
0.99531109482006253 -0.083602274257299006 0.048646523689734517 4.4530274654607354 0.081842851773896996 0.99595435931174803 0.037103393125717775 -0.061464154334830177 -0.051551645382125963 -0.032948048605843029 0.99812667229739049 -2.9195471326428226
0.99567893554266806 -0.079291655476889308 0.048335190993251079 4.4863074449938702 0.077811787882863317 0.99646177836643124 0.031768694044318424 -0.033411563473267243 -0.050683162717928894 -0.027870371840783122 0.99832582826969074 -2.9720979432310082
0.99608569136864089 -0.074977225102013045 0.046815714954047662 4.5223369913439857 0.073596093030022902 0.9968197448161723 0.030561600667137655 -0.030483849699559543 -0.048958253046578262 -0.026996519416833006 0.99843591551886979 -3.0000489223786242
0.99640236537428772 -0.072048437525284212 0.044624532789595772 4.5683369362437238 0.070760871421661861 0.99704829937608419 0.029792411565794933 -0.039095593589044061 -0.046639311231744494 -0.026527558527386037 0.99855949411459932 -3.0282893860323212
0.99698584750402497 -0.065272174487305101 0.041937609783817699 4.6038082605301032 0.06420371892078415 0.99758915153580119 0.026339461171807504 -0.028588344756791836 -0.043555738467186043 -0.023567519508404109 0.99877298204887321 -3.0476512742470123
0.99750357102819087 -0.057759354710055208 0.040626133577847043 4.6232427369042588 0.056940547799189355 0.99815601501849516 0.021031968493837396 -0.014654489832632411 -0.041766012526159149 -0.018666189377469552 0.99895303872193564 -3.0663584358599172
0.9979394271142431 -0.051521546014592502 0.038241732533485222 4.6465501587852511 0.050820234339749512 0.99852534100335133 0.019090499097559926 -0.018925948795099391 -0.039168911046253758 -0.017107707923834179 0.99908614380194627 -3.0676358522075891
0.99850894920749489 -0.041040704265302437 0.035993595901944779 4.6551816531581247 0.040587698271338582 0.99908841791346781 0.013227695952008223 -0.00063523846305090566 -0.036503658742368397 -0.011747075575307343 0.99926447405771845 -3.0650468467099934
0.99901253958933744 -0.027445499876620077 0.034938378322194125 4.6432753813829954 0.027185491767023191 0.99959922536304668 0.0078954221534930213 0.00312195712261569 -0.035141069714045882 -0.0069378087404598264 0.99935828011240957 -3.0621979538528934
0.99937228306799741 -0.014772223256408531 0.032199708935353247 4.6550545707966524 0.014583387917564831 0.9998751014084003 0.0060915006679036132 -0.021870631973995729 -0.032285672244890144 -0.0056180960835561337 0.99946289193951132 -3.0485395817545786
0.9995783671267946 -0.00079766084535282035 0.029025018678835626 4.6753573688596939 0.0009231041033235433 0.99999029119306504 -0.0043087583389467962 0.018815398093615952 -0.029021299952713926 0.0043337347386298722 0.99956939873741113 -3.0568247906187604
0.99944891601557584 0.017810205003020524 0.028011798818365984 4.665357303436398 -0.017477775826007149 0.99977442125350457 -0.012067889599913629 0.02344402077284588 -0.028220411539629738 0.01157165523899871 0.99953474435237299 -3.0622749698047875
0.99900387993420436 0.035998474698419554 0.026369635867662718 4.6738907597974775 -0.035422645424424193 0.99913050530901282 -0.021987941060775718 0.028670425595137546 -0.027138239949219208 0.021031956170168148 0.99941041256938812 -3.0894820912104897
0.99851437874760485 0.051378270917855767 0.018146865067446654 4.7544250240086701 -0.050821624481828281 0.99825981622027338 -0.029908223031366109 0.024844559793478924 -0.019651918972780569 0.02894153757762917 0.99938790741299743 -3.1135687680053121
0.99713210064203517 0.074352982532382789 0.014114101379163753 4.7729930821082212 -0.073746154280414269 0.99649408302787923 -0.039510090094498303 0.015164275242538092 -0.017002311550241421 0.03835591843464594 0.99911948480798995 -3.14241251060889
0.99525003613342566 0.09674558094240189 0.010847033904794356 4.7793471925369788 -0.096079670119713315 0.99408236162919572 -0.050684862507537606 0.016482049099820189 -0.015686381549027423 0.049401931802694546 0.99865578983354431 -3.1720359953654165
0.99309735654885689 0.11724833763289795 0.0032353883839456722 4.826898321021905 -0.11682512615672971 0.99122106876017124 -0.061908664534201074 0.016181186405580011 -0.010465673133496695 0.061103356440264565 0.99807657497688851 -3.2054728703918185
0.99065874964512601 0.13618767878502208 -0.0069395892315950941 4.9007064913473872 -0.13633181745883774 0.98802700831762136 -0.072223724518340027 -0.00022764917878643565 -0.0029794798079155302 0.072495151438413882 0.99736431443981166 -3.2446778536129037
0.98727213374469025 0.15860397875098237 -0.011769105979826376 4.9067994611922181 -0.15901752595650251 0.98318075357567469 -0.08982779211937493 0.046991981473704897 -0.0026758867463913386 0.090555970110901635 0.99588777274720752 -3.2922572565941945
0.98348978711758317 0.17969575952233652 -0.021383934275558333 4.9625408192713341 -0.18094676785956376 0.97812167983218945 -0.10264622079469471 0.036499519874762777 0.0024709991072301265 0.10482086362908236 0.99448804955688908 -3.3537148075132568
0.98017822720864445 0.19447566294102145 -0.037813482116427086 5.0969719773834177 -0.19766163858825878 0.97288787260545206 -0.12007940692659293 0.072208881149050191 0.013435755904441187 0.12517349504143405 0.99204388844566149 -3.4079057771640016
0.97563104443536985 0.21308550674224452 -0.052331940059108011 5.1902305481457045 -0.21824855581727509 0.96701479536600798 -0.13133907806479939 0.055939921207748759 0.02261930630286756 0.13955985224855533 0.98995525889948099 -3.4560112571022565
0.97098500130800258 0.22948676387025652 -0.067260333356709126 5.27408909657525 -0.23718002197399315 0.96008932250756629 -0.14823673628145884 0.08013542970132953 0.030557558988155289 0.15988845491566864 0.98666200776829627 -3.5113644179018162
0.96486423948825517 0.25236662486214234 -0.073130609271639752 5.2632075898424926 -0.26100951310538756 0.95257644626096072 -0.15643576348561464 -0.0092826211011076565 0.030183330254280542 0.17002705868340318 0.98497703825532479 -3.6218864085670406
0.95963564825252867 0.26571534160620297 -0.092167129921940455 5.3740834056581477 -0.27801295908962381 0.94576842139538952 -0.16802049776590908 -0.041106449623605247 0.042523137010104614 0.18686211581369719 0.98146540055798615 -3.6629885992447457
0.95431058989056816 0.27709313831243204 -0.11185119902300068 5.489620018411677 -0.2938926251925012 0.93802374152187551 -0.18368066092749535 -0.046461708680867006 0.054022429417561663 0.20816064239300613 0.97660161994456873 -3.7436507040232621
0.94840549107382344 0.288601180356579 -0.13128740685156734 5.570801439179581 -0.3105834130892246 0.9289102532892245 -0.20165238616985642 -0.039073647996110752 0.063757101681833642 0.2320239212472244 0.97061832455100205 -3.8382257757930347
0.94198188052589071 0.29796403263183929 -0.15455604814655052 5.6722899436305498 -0.32642061595435629 0.9204690642641552 -0.21490994209819406 -0.077933378845098988 0.078228628013568099 0.25289155183683532 0.96432678318538489 -3.9204633799026687
0.93687006098550751 0.29865566798226828 -0.18187710359216902 5.7988971343789979 -0.33664383958658484 0.91102766562109205 -0.23811660534575377 0.0043078686521184958 0.094580199288293101 0.28431212505809322 0.95405513543376397 -3.9423732068448065
0.93432455750180332 0.29112058126758594 -0.20563664170444546 5.8804881452648807 -0.33700234334434342 0.90940498778475432 -0.24374574616315231 -0.10992352422816813 0.11604758433281087 0.2970376665586934 0.94778773088486734 -3.9954912867710264
0.93181535648045755 0.2858012477963861 -0.22369127874198991 5.8765964748925565 -0.33764229310835431 0.90869956975922406 -0.24548477309994857 -0.27456141093594527 0.13310831428475894 0.30427411765943835 0.94323880220803047 -4.0717779689066216
0.92674450697167077 0.27891914783784949 -0.25169173162271896 5.9489736814209992 -0.34114414501992141 0.90538316385663198 -0.25278844697410913 -0.40849411704507615 0.1573699180798597 0.32013346525217107 0.93421050802759398 -4.1263883053882209
0.92508044221293662 0.26074203987944444 -0.27611549046481243 6.0079192932073298 -0.33547665917461339 0.90182052487631592 -0.27235115579128139 -0.39658290654774547 0.17799322061291545 0.34457702992409811 0.92172939839441448 -4.1930364202896051
0.92307441684507574 0.2476455684815847 -0.29428777306839676 6.0414188507235611 -0.33089564014306133 0.90135612788097297 -0.27940151407201275 -0.49217063965966934 0.19606554082866551 0.35528693072339751 0.9139636210247708 -4.3164698486999082
0.91936388006332737 0.22507038707516835 -0.32266604546611033 6.1386122142877371 -0.3250832546620791 0.89654396855810181 -0.30088168767872758 -0.4111367230399286 0.22156473901145435 0.38151308405338269 0.89741675553939981 -4.3574183873206387
0.91013080319207229 0.19822606089089595 -0.36382461415444733 6.3295813599972943 -0.32560764225315442 0.88521384268610637 -0.33222901141116407 -0.24767138999129798 0.25620613651373675 0.42083593180784395 0.8702043059604615 -4.3069237402993776
0.90523273604325416 0.17679789149708147 -0.38638866334020516 6.3611997059787626 -0.32267502281132515 0.87766708853618125 -0.35437453541999064 -0.15699982776112878 0.27646794253467233 0.44546940103963339 0.85154124356253935 -4.3167102845392309
0.90056263717991525 0.1572647047375291 -0.4052835416833187 6.3717898100880959 -0.31888200164391972 0.87260230821622464 -0.36997227020857126 -0.14704773691098152 0.2954677741194861 0.46242083034778469 0.83598191973112801 -4.3716682206222712
0.89280288523048923 0.14024611091053829 -0.42805844986237923 6.455942495237001 -0.31790106406367785 0.8694301768257473 -0.37819317959467674 -0.24209187897309523 0.31912681114455943 0.47373219860931876 0.82081415826573434 -4.4488503403961177
0.88870805576173217 0.12304999394141602 -0.44165222813342553 6.4723801198609365 -0.31329504318919177 0.86630140660691746 -0.389060520772744 -0.26566626655733316 0.33473005173913556 0.48412867287725664 0.80843999193559324 -4.5588537656410217
