0.99997004277732837 -0.0074300382387197514 0.0021698109777484129 0.3064560819003363 0.0074210540393501419 0.99996397756463307 0.0041196516919512292 -0.05415941851661258 -0.0022003419854741131 -0.0041034259941071186 0.99998916013637762 -0.1672386044622593
0.99993545659884298 -0.010625247753734274 0.0040232756101355079 0.46370067368794005 0.010614554146215436 0.99994009930881111 0.0026700251987797747 -0.043265615606331402 -0.0040514042923913661 -0.0026271475894633395 0.99998834204144738 -0.25673140216819679
0.99990266546259698 -0.012733568312562038 0.005702266112975982 0.62124969645972594 0.012707996591857293 0.99990913109616164 0.0044984856496696965 -0.053483985170102492 -0.0057590297286280508 -0.0044255834133204103 0.9999736235461596 -0.33602409352862478
0.99984936866509411 -0.015129502697239679 0.0085051824287836857 0.78187061030358485 0.01510794367229837 0.9998825053222542 0.0025933739581921948 -0.025234112468432244 -0.008543419573410465 -0.0024644874977542762 0.99996046736026822 -0.43378734212966286
0.99980403911181071 -0.016923231980095418 0.010270715411147779 0.9468048932025297 0.01686685300903747 0.99984233364887509 0.0055513163432736315 -0.045499323587966066 -0.010363042279197576 -0.0053769938552548982 0.99993184532337009 -0.52495426621474928
0.99969118187297334 -0.019899345049881518 0.014884789283136714 1.0967305079355274 0.019774898518752151 0.99976865029007966 0.0084616361139800318 -0.062556139933726204 -0.015049726708172463 -0.0081646778098166933 0.99985341113698822 -0.60556373386811913
0.99959828469267298 -0.022841124825110894 0.016779518949886833 1.2775520185269333 0.022683365188312932 0.99969724898230705 0.0095328548158898005 -0.075973192217943977 -0.016992180060237751 -0.0091484093661632314 0.99981376887041795 -0.70956204501787024
0.99947758219127036 -0.024780775068894978 0.020747912764355701 1.4469464544370776 0.024634453516075239 0.99967002898477264 0.0072785197360525147 -0.055857640369990136 -0.020921433914930627 -0.006763603815172106 0.9997582444103047 -0.83082701410027393
0.9993249042038036 -0.028369846215228568 0.023342828958442006 1.6213974627070353 0.028147917996954614 0.99955590817453943 0.0097816739778254103 -0.077475878780289567 -0.02360996718539685 -0.0091180183755040535 0.99967966428771993 -0.939827460181616
0.99918127144633917 -0.031843870149212382 0.024955054093251151 1.8131166222403914 0.031571345862426166 0.99943830246372589 0.011239648075493453 -0.077131963228459222 -0.025298950794688246 -0.010442581210887363 0.99962538762595554 -1.0509984969306549
0.99908955482072448 -0.034413813605549723 0.025214100841572686 2.0075375429145286 0.034148454583138164 0.99935754341013772 0.010880417218010828 -0.073108828327007644 -0.025572338526420803 -0.010009488617163073 0.99962286170330905 -1.1917565958876966
0.99888509706639195 -0.036990286734991835 0.029330556522640768 2.1802434101025532 0.036556382108751798 0.99921607148519609 0.015194519170095998 -0.097055770516693576 -0.029869613083929786 -0.014105359724394495 0.99945427361198558 -1.2967606234580695
0.99869117835817445 -0.041778829750519567 0.029503553247671767 2.395176795139923 0.041431659683048606 0.99906584611356186 0.012282210928854577 -0.060179389240470789 -0.029989128788098306 -0.011043754527783185 0.99948921336873908 -1.4380187306621364
0.99850967599820084 -0.042429908427500704 0.034323895594788469 2.5514650569858093 0.042030705100701567 0.99904097462279151 0.012269916604471819 -0.062893660338249016 -0.034811589545809221 -0.010808972919604276 0.99933543884809639 -1.5820933261499821
0.99825451635270013 -0.047730841889325165 0.034780559425821089 2.7457109936821231 0.047135587088097952 0.99873098426528228 0.017738587834457427 -0.093391212357371398 -0.035583100079913832 -0.016068223331677633 0.99923753691885808 -1.6895542708541209
0.9980330710658597 -0.048215026327402745 0.040066198910010523 2.8769790736581284 0.047514583499866224 0.99870372307484434 0.018254804060270167 -0.094671070993371562 -0.040894417879252284 -0.016315169404345017 0.99903026071967638 -1.8142690042933431
0.99793942151104609 -0.051807698107299946 0.03785331439942153 3.0727350555829709 0.051337644313164309 0.99859296569915157 0.013286652420682679 -0.056561928126362723 -0.038488404365128098 -0.01131597423980253 0.9991949716929277 -1.9577116550011
0.99762827677924704 -0.055029738135035623 0.041346696255681319 3.2080098505672789 0.054246151375287412 0.99833044698695705 0.019841211651304064 -0.074690740341047168 -0.042369522435821358 -0.017551254644949076 0.99894783498886897 -2.0200283176823275
0.99739178944781315 -0.057901662936084411 0.043093105844500219 3.3491271378712471 0.057279013682174161 0.99823714729275448 0.015547101222446784 -0.020168856707818296 -0.043917342060813921 -0.013038220509707973 0.99895008477513714 -2.1352626627412521
0.99702341232848135 -0.063662421112584744 0.04349035993131161 3.5058315674022706 0.062817657137666655 0.99781397268312799 0.020523593010201777 -0.044158491196957868 -0.044701870437439936 -0.017730540217313497 0.99884301605557446 -2.2209302933707304
0.99682384589137363 -0.067334470323842266 0.042523985802587698 3.6512706254812768 0.06659720638778055 0.99760797293073278 0.018524158452615316 -0.016695582825235766 -0.043669581675056551 -0.015633344211711211 0.99892370388587926 -2.3316469906571182
0.99653268592382527 -0.0714397051622324 0.042649436242228757 3.7851964233657047 0.070388915778149569 0.99718971447100191 0.025652950879347644 -0.049010164643288806 -0.044362218396099121 -0.022561956466028463 0.99876070792728022 -2.3941773336653274
0.99622823525323523 -0.074738121764594725 0.044085331339632626 3.8971575449295668 0.073613392449995124 0.99693180544230009 0.02660909148315338 -0.048875488122578144 -0.045938782485255132 -0.023263457452761337 0.99867333989203699 -2.4895286422944514
0.9959509164668231 -0.076851440427891868 0.046643628643720694 3.9812182464682255 0.075628375763607064 0.99675829081773448 0.027445554566583798 -0.04473614692405907 -0.048601653966236433 -0.02380684334948388 0.99853448285048196 -2.5688124022128607
0.99565264366045991 -0.080843309180935158 0.046261998796127045 4.0826991317867467 0.079497462674840841 0.99637657244624067 0.030230436790485846 -0.048640258016545722 -0.048538300343125139 -0.026421302786899019 0.99847180639156941 -2.6308171372774032
0.99557776957779631 -0.083372968530923547 0.043288021909552873 4.1994282856548626 0.082034798003899997 0.9961212640192405 0.03182325070086188 -0.053700376293768802 -0.045773317980671031 -0.028131396820140549 0.99855567089371045 -2.6956461581280093
0.99534990594666861 -0.086696066539695749 0.041980433281502763 4.2989160470805201 0.085142496542102541 0.99566350443092388 0.03748254563006205 -0.079303900827459237 -0.045047974588610672 -0.033733929372017663 0.99841509503542047 -2.7415639226627091
0.99525813115540895 -0.087086040746739077 0.043327518693089817 4.3608940910637255 0.085630759398504411 0.99573345414380421 0.034384027450023703 -0.051471820927889857 -0.046137028663300335 -0.030510814572964694 0.99846906050223505 -2.8057983741454753
0.99526838737519885 -0.087176307313124674 0.042908373714449055 4.431843664027582 0.085676249044457531 0.99568533245360891 0.035641255399021729 -0.05771999196567313 -0.045830311380605587 -0.031796386272560158 0.99844307418037759 -2.8588691479095685
0.99537105844986229 -0.085564237443643817 0.043763195393945631 4.4785303485098362 0.083984402109707493 0.99578916346806301 0.036749994855103996 -0.055819507032716077 -0.046723401017861321 -0.03290445547738103 0.99836577495778633 -2.891592901745522
0.99562062108413685 -0.084865437194124857 0.03921015738157238 4.5728556339558164 0.083589725686028266 0.99595017398627628 0.033106022057030338 -0.024366227095244383 -0.041860920101834502 -0.029683471942414042 0.99868240940835229 -2.9346617305714604
0.995943108470699 -0.081853868373114896 0.037380060487889034 4.6290936169799508 0.080872366283800762 0.99635714122943331 0.027057484967561687 0.011495762180504064 -0.03945865001973875 -0.023924701742505407 0.99893474440783769 -2.9888607460902405
0.99611486922181969 -0.080754452653118466 0.035126709095677541 4.6815714544719285 0.079808616324887449 0.99642954839645315 0.027545232668237687 0.0016722940993853601 -0.037225691068185886 -0.024634801788033317 0.99900319041800878 -3.0147128701469019
0.99647208840307511 -0.076886610866111954 0.03364262330938507 4.7244674673202809 0.075983871505203179 0.9967342204325339 0.027337613096788681 -0.011302341965654916 -0.035634650337766437 -0.024684871647874005 0.99905997257773926 -3.042813468773089
0.99706021231210507 -0.070586216786764883 0.02980803622971169 4.7714112655237662 0.069894826950088237 0.99727436659083157 0.023633681610633697 0.0031642096238256529 -0.031395002623939856 -0.021480776070417467 0.99927620309384702 -3.0576481839673524
0.9975977761629935 -0.063135186039885077 0.028506583070563692 4.7904900739213589 0.062552622780382858 0.99782310180246014 0.020886045403868885 0.0040215252300905124 -0.029763171503470107 -0.019052710910168292 0.99937537883871674 -3.0710913214387232
0.99803533351195561 -0.056033136699183965 0.028031422606249412 4.7959328848227916 0.055517686453159534 0.99827992058414661 0.018841089389911796 -0.0076514384988421412 -0.029038931670573788 -0.017247833201899425 0.99942946359273954 -3.0761364144887535
0.99862009786136907 -0.046219577445017729 0.02493292618513893 4.8139956349755035 0.045900807955535874 0.99885865885161684 0.013209673204824636 -0.00094802725258451542 -0.025515014724248001 -0.01204700369192507 0.99960184760016735 -3.0871522221645686
0.99920053406801146 -0.032689052699840064 0.023015615390157881 4.8090877805676682 0.032562768415644712 0.99945262719599504 0.0058405568341133654 0.016847348797123081 -0.023193939538372614 -0.0050864353540073896 0.99971804492270711 -3.0931357254999559
0.9995608759090171 -0.01736300807773053 0.024012107414620634 4.7745201864148958 0.017390764637155227 0.99984832019217273 -0.00094758336065851076 0.037558088247257898 -0.023992012365237021 0.0013647561624663882 0.99971121869432045 -3.0722961624477296
0.99980602399154417 -0.0028252022900845429 0.019491860409922512 4.8033079426819425 0.0029381501274668015 0.9999790461217184 -0.0057684132416605475 0.035959675539285078 -0.019475155045551508 0.005824564320032785 0.99979337504628096 -3.0678996364232991
0.99979197513440454 0.012865610788479091 0.01582663943753251 4.8286759861437423 -0.012664190889880822 0.99983836556618277 -0.012761700946539825 0.027948535795162811 -0.015988268385004945 0.012558614612433423 0.99979330687550882 -3.0824302640397581
0.99941590220638132 0.031413914814550956 0.013454381183426253 4.8401407206224558 -0.031061396262956412 0.99918819970084338 -0.025654068698417562 0.058709981426306249 -0.014249353641495308 0.025221172348082209 0.99958033613421382 -3.1122288336148256
0.99876778697126845 0.048873126931055853 0.008621204816956855 4.8813544907267357 -0.048557481654527626 0.99825335612242516 -0.033651269897062214 0.06037821575952862 -0.010250789427416338 0.033191180369122386 0.99939645129539012 -3.131891932624987
0.99752245171798171 0.070251985348775858 0.0036901047549180448 4.9111725067088736 -0.070028018270381368 0.99661020049747617 -0.043176207817540092 0.046487173349072299 -0.0067108103586690903 0.042810825954840655 0.99906065792092635 -3.1572231452246835
0.99563130811897571 0.093358511708729081 0.0015768908739829841 4.9040849857617452 -0.093127328568194223 0.99410393730130642 -0.055539738168196226 0.06395430642121247 -0.0067527007225962766 0.055150250530449009 0.99845523229606026 -3.1879143541155677
0.99369771298327803 0.1119152389193878 -0.0063114585809521629 4.97237721259257 -0.11208763954576703 0.99151930518289666 -0.065771030938278199 0.05974880324873285 -0.0011028476145555292 0.066063959518349272 0.99781478089868814 -3.2244275272995266
0.99129911409257765 0.13029707748152206 -0.018674528080918584 5.0782193408361795 -0.13134059774210236 0.98850418369118764 -0.074894099966325706 0.030966925993930392 0.0087013667902253889 0.076695178628079147 0.9970166176103531 -3.2591991526362043
0.98811776569485266 0.15077363942030508 -0.029842767535337007 5.1530291548405929 -0.15283982209039157 0.98439399517434434 -0.087226435488734294 0.02670965057553909 0.016225594028872695 0.090751153825440148 0.99574141130002292 -3.3046331432580107
0.9848938368995932 0.16837107286857603 -0.040438989333095025 5.23320299487367 -0.1716320118442218 0.98016181152779769 -0.099122528886478933 0.012735256161503396 0.022947386507016835 0.10456579289438112 0.99425319331087236 -3.3548721096876459
0.9812402368788592 0.18525508744758459 -0.053368062590916976 5.3239596126749573 -0.19050901588474303 0.97419123292048126 -0.12106922221398544 0.080733827073806413 0.0295620093455599 0.12896508936786127 0.99120840055348225 -3.4277499484433571
0.97673826477007553 0.20421388243878283 -0.065414465932397678 5.4038112558074252 -0.21128161375560714 0.9686261049752205 -0.13085697707558253 0.040087927108945036 0.036639348012325122 0.1416338906470202 0.9892408196174578 -3.4856917232749707
0.97249031021314225 0.21827720731200675 -0.081348984687072842 5.5123164134154479 -0.22825278711747879 0.96264091050337575 -0.14568164811785558 0.048347138782987423 0.046510877379912982 0.16024212365449669 0.98598133861247483 -3.5348758126359767
0.96676683308361866 0.23878014263041406 -0.091356083184808687 5.5587825702351079 -0.2509990491525172 0.95439642820563086 -0.16163828492305385 0.025087969608896116 0.048593906757975612 0.17919682283381363 0.9826124011594114 -3.6663883149818295
0.96233738387104972 0.24723618500496092 -0.11305321060640695 5.7496803480023626 -0.26425303115368498 0.94837051669715655 -0.17539583400314249 0.012967415289209276 0.063852134892370266 0.19866462162086401 0.9779853132772115 -3.7408564281905732
0.9577555894570029 0.25508236727207761 -0.13280518352361823 5.9205337045590944 -0.27665179752349467 0.94333663840420767 -0.18324783647090773 -0.063251559906177035 0.078536703463338201 0.21224743237816127 0.97405493359357798 -3.8227505922463809
0.95214078873944752 0.26328872418017574 -0.15526418176191889 6.0734438939464219 -0.29105785350545532 0.93609909310732109 -0.19749383229976544 -0.091948809092676081 0.093344760599723714 0.2332327927269798 0.96793037976155805 -3.9134068403039439
0.94582820693897185 0.2742603040868577 -0.17375352819667797 6.0959557510274118 -0.30772932528864377 0.92789939492026496 -0.21048842073615917 -0.11734019270481304 0.10349717540109724 0.25255494156478236 0.9620313592472981 -3.9600737958426189
0.94054515807419947 0.27439950205277885 -0.20019919804126601 6.213854418521537 -0.31789911974810042 0.91872649657736682 -0.2342685940327052 -0.031054061484770946 0.1196451222848719 0.28398334063790526 0.9513351181122105 -3.9737887691526952
0.93807951908218401 0.26699635173328834 -0.22072554007104034 6.2792677343645069 -0.31806956554161975 0.91628381728885189 -0.24342497335058946 -0.11957610625551422 0.13725366062405595 0.29855805856764961 0.94447049626211843 -4.0697356484042837
0.93487348684739868 0.25280498170318139 -0.24920113325553067 6.3636828313785845 -0.31683459849167411 0.91082447985755666 -0.26460272880458185 -0.072815778619989127 0.16008560456332818 0.32632561670556232 0.93160302226502467 -4.089177757880508
0.93343337673063353 0.23403253811894797 -0.27190237642736859 6.3921984840716215 -0.31110975572515165 0.90547219418426539 -0.28867079078384167 0.049318040870406005 0.17864168353965923 0.35404643291627041 0.91800777351903784 -4.0922105251906773
0.92945939116074805 0.215368007638501 -0.29953607707405472 6.5085060162978134 -0.3078372745223637 0.90022282112384566 -0.30795305606937495 0.085235584810833737 0.20332597620012632 0.37843822958793061 0.9030188557215284 -4.1266435466757851
0.92562143525064078 0.2012351268415323 -0.32051424668743855 6.578467582000914 -0.3046820689965164 0.89860889852201309 -0.31570695958286438 -0.027996279013698274 0.22448562411999975 0.38988007287129561 0.89308439317979771 -4.2430951789807798
0.92004952321121247 0.18085156250041468 -0.34756522723077343 6.6958219766103122 -0.29983955639285398 0.89602090878620688 -0.32747942139938591 -0.066615491638417304 0.25220054571899142 0.40551108907044531 0.87861006218910576 -4.2913950562733714
0.90567613673501968 0.16016106458522272 -0.3925546697463399 7.0254406952849369 -0.30714350586728029 0.88610981153094759 -0.34709115331875628 -0.10238707493887059 0.29225605580087782 0.43492279234309683 0.85172094171048629 -4.2850237333658425
0.90176826137850807 0.1405030292994715 -0.4087455217223237 7.006656763085477 -0.30144881643020566 0.88216742724360719 -0.36181382143752217 -0.082063676315425965 0.30974604734073835 0.44948807444476974 0.83786505899740338 -4.3651711062938192
0.8906386207467285 0.11983029005301506 -0.43863828927736737 7.1508140916180256 -0.30376051311700381 0.87462434999481065 -0.37783832133208711 -0.098041840409407152 0.33836725300368492 0.46975839320012713 0.81537393514434542 -4.3428714039601255
0.88179075931839435 0.10505791481694457 -0.45979113879565492 7.2564311998277731 -0.30404105294324174 0.87189508951348405 -0.38387236291173465 -0.1998170659988405 0.36056080611438407 0.47829048434668786 0.8007709520690397 -4.4385450889342088
0.88290260778334739 0.11032501334842813 -0.45641141155654052 7.1857808464460797 -0.3019169211043583 0.87782248964954368 -0.37185191866701617 -0.35289392295425709 0.35962363370644779 0.46610735683439458 0.80834075363340741 -4.4534561529406762
1 0 0 0 0 1 0 0 0 0 1 0
