0.9999350712270183 -0.00216318376496592 0.011188117188198208 0.2174484584905248 0.0021690948356704815 0.99999751426541283 -0.00051622726522706326 0.025378123152701073 -0.011186972683069176 0.00054046183443794929 0.99993727780455999 -0.11981918909363179
0.99991648878189276 -0.0060140925085499395 0.011438800347482358 0.39072213487291541 0.0060213432901058189 0.99998169181971253 -0.00059954179849833634 0.023904552945840145 -0.011434985224024414 0.00066836867375161062 0.99993439504611614 -0.21303828679194942
0.99987577931233973 -0.0098823622963228226 0.01227863428829043 0.56277827364544442 0.0098692806319347678 0.99995066401428834 0.0011255386230533797 0.0031774334089139742 -0.012289151490216142 -0.0010042175203036009 0.999923981261987 -0.31598514825779211
0.99982427321153122 -0.012199315388226453 0.014233741640618419 0.72301345501209136 0.01220089180656019 0.9999255660633295 -2.3917665343452396e-05 0.0077779716194599745 -0.014232390388051682 0.00019757780412864978 0.99989869488206329 -0.4189754494172872
0.99972892439141603 -0.013392473753620234 0.019045193145278964 0.86129006164820132 0.013324188260783354 0.99990435441120917 0.0037078345019848453 -0.016118910659317458 -0.019093028632817546 -0.0034530676595600136 0.99981174857138222 -0.4951198295685838
0.99964597977844338 -0.017441827186708319 0.020092231762173857 1.0470101936474894 0.017340982350178405 0.99983620286015529 0.0051824493550147125 -0.023036020101847968 -0.020179332098132149 -0.0048321956267822937 0.99978469904349798 -0.5912302017142046
0.99954805948116121 -0.021089992256140017 0.021421694939500087 1.2309351166823306 0.021025346158759041 0.99977369764587154 0.0032385667209131139 -0.014806269106873181 -0.021485148506570906 -0.0027867045299786444 0.99976528378990692 -0.70576359020545099
0.99940997610862903 -0.022998271235633694 0.025510373864798219 1.3894098226613445 0.022888033339398737 0.99972742908454759 0.0046049392890035292 -0.020066812214965226 -0.025609326121632487 -0.0040183399772866762 0.99966395121531859 -0.81042260318939507
0.99930648054992666 -0.027197383937848665 0.025433447227150022 1.5973345415147364 0.027136817891588869 0.99962801853465155 0.0027235409314047129 0.0012233077832067688 -0.025498059644563465 -0.0020314692770372071 0.99967280751600862 -0.91218177113518439
0.99916820952923957 -0.029529419550965979 0.028122987876763476 1.7763778958296386 0.029416799415488613 0.9995575040480581 0.0044099901774454688 -0.0043297879749047358 -0.028240768018636925 -0.0035790336963047531 0.99959474265300052 -1.0307701431242782
0.99902983344392027 -0.032633922334671397 0.029570576627241038 1.9647706513477918 0.032418792537252494 0.99944451336022355 0.0077257106192566991 -0.027730180748669644 -0.02980627080732309 -0.0067595730043064923 0.99953283807654858 -1.1559397923408745
0.99882366658746802 -0.031577463604438478 0.036798734449393689 2.0939630709967445 0.031347751547194019 0.99948538724908564 0.0068028779557368236 -0.011393492705117147 -0.036994614982481237 -0.0056413179183253497 0.99929954167628954 -1.2800696102400491
0.99862981359054692 -0.036733852441743382 0.037270893374022 2.3032789929738571 0.03655087109772185 0.99931621892196854 0.0055792850346692993 0.0038254014364685726 -0.037450356875565485 -0.0042093567547295168 0.9992896237255765 -1.4248890907080307
0.99838512859554773 -0.03736944121358466 0.042786211127372881 2.4434604952496666 0.037060855223821854 0.99928112245128975 0.0079831899995811053 0.0010565222719489389 -0.043053780430185262 -0.006384604598167031 0.99905235539224591 -1.5327578830669419
0.99809620478637029 -0.042461243501125075 0.044732636758660106 2.6232551561653668 0.042043357244401232 0.99906328945629652 0.010242058991429688 -0.0099696401523787156 -0.045125625786948599 -0.0083418499808157083 0.99894649077727571 -1.6563283839065432
0.99789258318227392 -0.044498633102255353 0.047225671851645418 2.7777520388458319 0.044000195328240101 0.99896484120605067 0.01154248003016399 -0.017307980869543625 -0.047690410366080398 -0.0094402164276503869 0.99881755444771492 -1.7795803666779915
0.99762330178337377 -0.047052716710732287 0.050336761804660297 2.9185392846876383 0.046788210793500838 0.99888419537830975 0.0064208686460369953 0.027575737494366773 -0.050582715126636535 -0.0040504411569980804 0.99871166152040658 -1.9097897544650522
0.99746415492797125 -0.050586167747606527 0.050062953033548359 3.0884016145255444 0.050041989971939871 0.99867423825743651 0.012065035456939089 0.0049956914823321482 -0.05060690539320227 -0.0095291906025612334 0.99867318761093393 -2.0051111451816843
0.99719383446568 -0.053385562465485883 0.052482742152803082 3.2235278507858647 0.052956096942762834 0.9985512630261586 0.009540802138825041 0.037868534891520318 -0.052916049552310815 -0.0067347478874274381 0.99857625390886906 -2.1155181895371986
0.99688904723406013 -0.059310859961366424 0.051908086031089144 3.3860518976164515 0.058534148977900609 0.9981513597980185 0.016358983366932204 0.00069763947916144414 -0.052782392028030596 -0.013269695701477428 0.99851786877741422 -2.2006855299254258
0.9966795932277297 -0.062464131924920091 0.052230457266554155 3.5176539499851125 0.061963691629670699 0.99801614367430302 0.01114799915213175 0.048810592007783885 -0.052823189633249515 -0.0078745913125082955 0.99857283232052274 -2.3224600366169135
0.99646712075476496 -0.068096292460648536 0.04915457463779515 3.6904713988718432 0.067467952317482927 0.99761848692440402 0.014332827939684973 0.056280837391491374 -0.050013524818738823 -0.010965833291482416 0.99868833869001838 -2.3849102293503703
0.99611178422481395 -0.071752116806611393 0.051116993869242296 3.7960825107206113 0.070870426038351197 0.99730722652925841 0.018859443938278094 0.035178549166558465 -0.052332552408614202 -0.015163431217533056 0.99851458392559833 -2.4622626282539457
0.99589284012137524 -0.075262282451893384 0.050329313874841068 3.9098251446347803 0.074333705634071212 0.9970313065708345 0.020076701032837006 0.041223103846800509 -0.051690919915282012 -0.016253078409522583 0.99853086393988133 -2.531528053873747
0.99571738519559672 -0.077594818651787315 0.050258660324762783 4.0029543074824332 0.076710856216329004 0.99686680915537829 0.019287543724704877 0.059431311672636683 -0.051597803807927174 -0.015349557738610683 0.99854997757720054 -2.608212291978611
0.99554005072799445 -0.079229970843772188 0.051211513515978482 4.0852387175828966 0.078253749185372715 0.99671651370577385 0.020797645170566981 0.053149247755158141 -0.05269115803372533 -0.016697395794046378 0.99847125088244881 -2.6707202785417143
0.99543349784789215 -0.082517607693553055 0.047989538264536613 4.1988061462794528 0.081547817897071162 0.9964303283776792 0.021830118766890918 0.056101481636756392 -0.049619600547935391 -0.01781698935520018 0.99860925798421274 -2.7338368507261301
0.99514434962421561 -0.086210773852059969 0.047491324290084055 4.2930647687998409 0.085038866337895605 0.99603386570718977 0.026171159247488012 0.036786089898856039 -0.049559203211537617 -0.022005472869739123 0.99852873996736657 -2.7748695776833587
0.99519916942953301 -0.085936063892656275 0.046835948686931653 4.3634888727510939 0.084785374792686705 0.99605921158394362 0.026028585056360666 0.039740748141298528 -0.048888172271330035 -0.021932622766323549 0.99856342145632337 -2.8370007128778152
0.99527505635993996 -0.08489164334247816 0.047127179825783946 4.4171418596924799 0.083683055557166791 0.99612507290537011 0.027055227625863189 0.045264454728845771 -0.049241328173947864 -0.022983646792548322 0.99852243018360931 -2.8639839982693545
0.9954368160471424 -0.083891092769917644 0.045473396747952734 4.4794784073435663 0.082830230002589766 0.99625665225863791 0.024735315403883198 0.063610323256761636 -0.047378246650184565 -0.020855871697931384 0.99865926839942443 -2.9132206216958871
0.99580705817822801 -0.078581173889993805 0.046832702169463961 4.5017964801426764 0.077620538479163656 0.99674038716792102 0.021992103004207893 0.080253310912606138 -0.04840821096289176 -0.018264711834944745 0.99866062574478154 -2.9576511989258538
0.99620605327655665 -0.075094021447769457 0.043981670704379 4.5520421499799548 0.074302795135238561 0.997047806823115 0.019358862164578529 0.093090474316637709 -0.0453055631268088 -0.016017454604846635 0.99884475625481683 -2.991623600862912
0.99651416640153623 -0.072042762274462907 0.042063720293342509 4.5980156342807943 0.071279628678738341 0.99726826540355695 0.01937063123395236 0.081186924669154656 -0.043344327154455999 -0.016304822073417834 0.9989271355212459 -3.0140929352431436
0.99693421401918325 -0.067104891161928373 0.040238122472340411 4.6344279698301074 0.06627106912338572 0.99756541846644453 0.021711316798176034 0.053862348047456925 -0.041597095033148061 -0.018978131151751381 0.99895420927227196 -3.0064737396114691
0.99751879311468472 -0.060744664437198767 0.03558571518790804 4.680627814186745 0.060150909941081354 0.99803542936672585 0.017525688632266331 0.059504669402543051 -0.03658039661188367 -0.015341690623505232 0.99921294382755566 -3.0280136241039886
0.99806134651164835 -0.051811666708536805 0.034483326293136891 4.6833972515018907 0.05137817964717431 0.99859015516406735 0.013341089368809313 0.068191988260938946 -0.035125934229542286 -0.011543535086245144 0.99931622399629561 -3.0345998559345344
0.99859195398653566 -0.041380964569692882 0.033192246152293339 4.6840215073295743 0.041142393953696933 0.99912254250511845 0.0078389079511497137 0.069991280609769627 -0.033487502939326667 -0.0064622619406534505 0.99941824393869205 -3.0426945468112905
0.99916171265459774 -0.02717818820661649 0.030614017229641105 4.6799812295010046 0.027204425212910031 0.99962979396381979 -0.00044075921575173959 0.09599922140999205 -0.030590704698751466 0.001273226475069316 0.9995311839459422 -3.0547832567381841
0.99952161143628715 -0.014195457415353321 0.027477941345318918 4.6953343823353269 0.014343142711208618 0.99988368793529392 -0.0051850610489876259 0.08946291731392185 -0.02740114101591026 0.0055767006092057661 0.99960896248550191 -3.0544235590357092
0.99961791495319807 0.00107591320342496 0.02762003829467953 4.6856705791931157 -0.00070517177427758854 0.99990957627276678 -0.013429147805604818 0.1099683797719689 -0.027631989385305394 0.013404539857627129 0.99952828447914155 -3.0630267915005227
0.99960613774447238 0.014996605576515472 0.023720691489947762 4.716141062666722 -0.01450980882334699 0.99968327000534662 -0.020562711867044555 0.1116629802776424 -0.024021549314912578 0.020210430292292102 0.99950713037772354 -3.0677993040284552
0.99933524421247089 0.030911717877484767 0.019327063218812918 4.7571486919876786 -0.030287336187978384 0.99903510785004424 -0.031804568063202254 0.13110379190334251 -0.020291548522416356 0.031198060531277879 0.99930722707165942 -3.0980126999258242
0.99871534273716966 0.048478781949674143 0.014746927885281886 4.7953617497595777 -0.047860473420570725 0.99806352389288877 -0.039731314582681226 0.13164428442126963 -0.016644496548006454 0.038974478510752184 0.99910157179311765 -3.112101223499101
0.9974523432941631 0.070574763196718446 0.010393539181152968 4.820037463561718 -0.069941758105412158 0.99618674309172783 -0.052154801901836079 0.14958096719782354 -0.014034718739862881 0.051294986967761948 0.99858492427127599 -3.1459390258449034
0.9956960315556671 0.092463718948242415 0.0063145405657386959 4.8335787360029849 -0.09187274289074325 0.99370749564577854 -0.064068808410383551 0.15739611036966603 -0.01219884658594037 0.063212924118849975 0.99792550541927583 -3.1821873104154417
0.99343982859896507 0.11433661291950462 0.0021085301406923145 4.8478000536096069 -0.11386488020082709 0.99071181468326341 -0.074329599109953917 0.15442700228189932 -0.010587540323896394 0.073601896667752645 0.99723150010255857 -3.2055418268805216
0.99078884626344066 0.1353260750947988 -0.0049310769003339874 4.8878494296078134 -0.13522773497787421 0.98683710671547908 -0.088690385624237769 0.17427435258172208 -0.0071359521238551389 0.088540263207532069 0.99604703703109676 -3.2462275863294283
0.98765122040996056 0.15604519532984223 -0.013962945147314275 4.9430278949960993 -0.15665606883913208 0.98251228767672305 -0.10064035304052447 0.17310393898059917 -0.0019856783688805752 0.10158494759915797 0.99482488685330528 -3.2836668134728257
0.98399821819222166 0.17683944163400414 -0.021801799859338243 4.983172545825524 -0.17817368959882551 0.97745926049807208 -0.11325868797272708 0.16681054700044368 0.0012817680267387761 0.1153308542807857 0.99332630646811615 -3.338405491861117
0.98048116653370876 0.19316765247194587 -0.036646147289656941 5.0968058386010595 -0.19634901099358412 0.97166196066040111 -0.13160585126591676 0.20457197083108872 0.010185673985508703 0.13623249334891721 0.99062453018355956 -3.4028575533668972
0.97551666490688793 0.21427758564120181 -0.049521235654210863 5.1615832602441083 -0.21929297546874393 0.96479639918600213 -0.14518436220126946 0.21073305673190079 0.016668155237078323 0.15248942392671677 0.98816453497962109 -3.4513924137966003
0.97096601531605009 0.23012711412425105 -0.06531851533918949 5.2555899231138019 -0.23782745229747765 0.95803410391915733 -0.16002736847648397 0.22163363720821838 0.025750728823918739 0.17091567240209807 0.98494910167600824 -3.5017164157538647
0.96479077500519117 0.24992273222512232 -0.081959675341062424 5.3324918847836544 -0.26074368242308044 0.9497195530776642 -0.17333638561598502 0.19021233832259921 0.034518003148129917 0.18860381337367363 0.9814464371729994 -3.5741221491557793
0.95884763116950711 0.26517675850019928 -0.10145199333651281 5.4344558931372946 -0.28018281146938756 0.94154747871985556 -0.18704528187952993 0.18123720507501492 0.045921806995527413 0.20777303017381774 0.97709853933708002 -3.61370363678241
0.95385967570295094 0.27552810805967792 -0.11931462918232463 5.5379121202383157 -0.29475996317663294 0.93496243325962214 -0.19738746794403295 0.14446946117247647 0.057168900426466038 0.22344912186513752 0.97303761836926317 -3.6723352581618718
0.94909070922900551 0.28296156914754705 -0.13841812034824499 5.6702650840018078 -0.30692820428877005 0.92955230750733431 -0.20427330961205209 0.057532265278213812 0.070865386947750061 0.23635832541577242 0.96907834509878377 -3.7646878844335232
0.9424393739869189 0.28909895962239468 -0.16801731429942987 5.8447166573305163 -0.32188236854161101 0.92045183785735907 -0.22172089438537931 0.071396362775996119 0.090552565845407773 0.26304031198707739 0.96052591172157042 -3.8089729073794478
0.93591095255785173 0.2947342428893413 -0.19287927558631457 5.9181813201838898 -0.33665208565096461 0.90955388460539122 -0.24367417636281943 0.13389932059356893 0.10361497048742679 0.29299054091845622 0.95048434012518068 -3.8429314063697078
0.93385472160200267 0.28609282302524358 -0.21463050937621309 5.9989731650461442 -0.33710864031012344 0.90455883954401961 -0.26101929130054041 0.11682862287889564 0.11947017857986915 0.31610789679510259 0.94117090584753571 -3.9722207653736468
0.93049872510832465 0.273977283212472 -0.2431225428776512 6.087997409827679 -0.33742407984746348 0.89940895579226643 -0.27786421248472698 0.11990285587994338 0.14253811038061026 0.34058769579093401 0.9293454194027897 -3.9888673945535098
0.92754037756737784 0.25823047042973607 -0.27015897564915975 6.1567505424257716 -0.33524595780806909 0.89438879790886117 -0.29610610589532388 0.16026851534486583 0.16516354245267456 0.36522007381410404 0.91615244469886337 -3.9981709802586707
0.92517850958984904 0.23805576101069154 -0.29559123810208959 6.2286780565212894 -0.33065609465565365 0.88789460851010493 -0.31985889271014312 0.25073037326207764 0.18630961451352179 0.39366561804189604 0.90017559882031628 -4.0350298605077315
0.92288932340232099 0.22276405239055003 -0.31408832151569482 6.2862988299576408 -0.32591831775086466 0.88628136833799531 -0.32906319498141556 0.18840860673339369 0.2050671765652724 0.40605604674659262 0.89054249758002924 -4.1463160980356646
0.91893040821427885 0.20283067279567663 -0.33827004453896298 6.3439713125833626 -0.32211503409522796 0.88086629763890167 -0.3468666465570942 0.22076252276465819 0.22761548644362709 0.42770817604669092 0.87478963555465372 -4.2191695516846837
0.91105347217719879 0.18236124679275917 -0.36976471776260722 6.4739023322287093 -0.32440924938952775 0.87057039222616484 -0.36995382291538054 0.29225244179413212 0.25444097497139367 0.45700280945238392 0.85229585380209061 -4.2349335237964727
0.90892935132807362 0.16212289530422785 -0.38414008006520461 6.4317425186958932 -0.31753260314722204 0.86624541921555698 -0.385735556601427 0.32800662359052313 0.27022301943556964 0.47258336884219521 0.8388351919542274 -4.3195306738837269
0.90584388419949768 0.142017836543988 -0.39909621842574772 6.4088679614776281 -0.31184820974251337 0.86119851700661509 -0.40135745712020399 0.36198392358261661 0.28670115371019428 0.48802463914127542 0.82439941778986692 -4.4010996811016891
0.89787052495634168 0.12583966382961059 -0.42189204711854195 6.490550551854624 -0.31255801903152503 0.85707847291800554 -0.40954117741642104 0.24974171108602505 0.31005806739014585 0.49958069445064651 0.80887769444984547 -4.4651370128481798
0.89059778124087008 0.10674198058171608 -0.44208793427363741 6.5976674580812977 -0.30977531654119628 0.85408134028987304 -0.41783288217953318 0.16982025845818627 0.33297874603439936 0.50906896757722975 0.79370897748432478 -4.5643611892863509
0.88451828928930076 0.088701878029049219 -0.45799494838573118 6.6221093498252763 -0.30850529429940726 0.8476487338393367 -0.43164349573439137 0.18066621037999914 0.34993124939331299 0.52309043276921929 0.77712580696007383 -4.6288884934636298
0.87917400190398609 0.069598610910809947 -0.47139061057197101 6.666428755305386 -0.304327492304448 0.84324147351258327 -0.44308982698321292 0.19922648046795974 0.36665767659196241 0.53301017880300661 0.76253675156583167 -4.6982119207168269
0.87521789132963435 0.052223423800369213 -0.48090160813109722 6.7080523657778039 -0.29707241216607916 0.84262047079160518 -0.44915334144672769 0.14693214901251792 0.38176121414614078 0.53596964112671586 0.75299065011735955 -4.8278460761258239
0.86933456976622736 0.038030712970077901 -0.49275863328850572 6.7811407255935654 -0.30004774401534406 0.83287555173331329 -0.46506952881932789 0.19782165783378922 0.39271969280986035 0.55215213500983285 0.73545853906485603 -4.8410217125230508
0.86610365667179268 0.023192806318747865 -0.49932609548751861 6.8255568238416862 -0.29640270542978348 0.82818888310822847 -0.47565597873867832 0.2077126038127661 0.40250452433936007 0.55996898809756068 0.72417183061435042 -4.9265076324011847
0.85950006704045834 0.012805214375678962 -0.51097520609344693 6.9489441681279542 -0.30009365441375241 0.82189397904634376 -0.48418393796982512 0.2094511588507515 0.41376736620720461 0.56949654405638062 0.71026069366803057 -4.939454886599365
0.86050031388274906 0.00052189306161972446 -0.50944964170693319 6.8997653305459696 -0.28799523435826535 0.82537898103216123 -0.48560095001682096 0.17599097263653379 0.42023559439273844 0.56457883886835813 0.71038917496498943 -4.9851784126443528
0.85977999056342891 -0.0060023512888058564 -0.51062935638852158 6.9441932431536673 -0.28349478625597485 0.82608343633619119 -0.4870491375381637 0.099380732652103801 0.42474589343798158 0.56351586312187851 0.70854837380208213 -4.9744645887143548
0.86466680697006892 0.0031527856185824704 -0.50233591636177966 6.9788101466826253 -0.27903366929051077 0.83454034881682126 -0.47506064623263849 -0.093463650809508095 0.41772182649038037 0.55093780605395148 0.72247907203876782 -5.1668409917392681
0.86631248225365953 -0.01084707777142542 -0.49938464533395843 7.0605360544697007 -0.26231574407061692 0.84092694652456346 -0.47332052672745206 -0.18404336511491956 0.42508014950616246 0.541039935229087 0.72566015116108162 -5.1910708800492156
0.86974606050758763 -0.022607515601379906 -0.49298143014708484 7.145684581925738 -0.24306792046910691 0.84975197786543788 -0.46780290951703168 -0.26556925755784683 0.42948780689369476 0.52669770870216404 0.7335732733527951 -5.2613799407003752
0.87686123555629392 -0.038942765016778805 -0.47916368250477576 7.2182013168858878 -0.2177894628367458 0.85638878496233295 -0.468151683611221 -0.22808368113508673 0.42858152486542317 0.51486086474268655 0.74245280422424265 -5.3555071313613727
0.88511515896307957 -0.051044099041052129 -0.46256421751671373 7.2894274586117955 -0.19434448627540502 0.8626005858161605 -0.46706578766161577 -0.12856015132051968 0.42284911733159775 0.50330381411499747 0.7535807154307923 -5.4602262062150047
0.89790486863741958 -0.068483168894096988 -0.4348297396170609 7.2395769688524148 -0.15481162754441172 0.87558803018514975 -0.45757945908174202 -0.1280551175809389 0.41206820655598836 0.47817952379280304 0.77559276438799984 -5.6424547842666453
0.90626064437372977 -0.077897143181344886 -0.41548005914062497 7.3535510181043078 -0.12894320689672645 0.88509138148369382 -0.44719894433962415 -0.14294870351154193 0.40257333972147258 0.45885213468771324 0.792079178263151 -5.7519816574661089
0.91455446697485399 -0.089233559794895709 -0.39449651296642835 7.452220586277523 -0.10083874531565214 0.89425510610820802 -0.43604971349900312 -0.1863396421690045 0.39169078924517187 0.43857174670255317 0.8088468016965672 -5.8214280396392555
0.92397172085640511 -0.10066703913910242 -0.36897480440894581 7.5251901187491672 -0.069659798227489952 0.90430711977007061 -0.42116047493095149 -0.21222210705464584 0.37606352065649595 0.41484307920480684 0.82854176000206259 -5.9333203167850206
0.93521696472302951 -0.1181158760041162 -0.33379315261105036 7.5096414642722378 -0.031114732977668497 0.91165585781902303 -0.4097749019839913 -0.17732338976873954 0.35270540439008313 0.39361432486641229 0.848920880279185 -6.0942886607538451
0.94388602143404898 -0.12962717857918216 -0.30376960531791647 7.6092596913605464 0.00033450713405086226 0.92013234756709372 -0.39160739403852718 -0.20028125882483946 0.33027120166066432 0.36953113202309473 0.86854342195387735 -6.2296416550495071
0.95185036671165912 -0.14139695218388645 -0.27200695083763538 7.669581780443167 0.030252418774571743 0.9262723339529747 -0.3756385956096589 -0.16950038151295138 0.30506666574564972 0.34932286679577196 0.88595026055891835 -6.3277498527117473
0.9581833689377931 -0.15418060793889268 -0.24106632204979306 7.75107972761535 0.058648850004369257 0.93036142533165433 -0.36192254785798789 -0.10383069674321026 0.28008024543724264 0.3326499036381132 0.90049936020264221 -6.4196567134591564
0.96414720868401116 -0.17021767704357205 -0.20358315846041905 7.727433787821397 0.092009133966283047 0.93401172053165904 -0.34519041872025463 -0.062249861844456515 0.24890656731714508 0.31408286857353485 0.91618637427928129 -6.5294779105050544
0.96758298614652627 -0.18013263338829902 -0.1770180762192603 7.887983717659016 0.11314220825443895 0.93581406098967579 -0.33384260358037071 0.019844699290235412 0.2257919520954641 0.30299220723082643 0.92585836753053741 -6.5685738572014083
0.97190808030886389 -0.18883313059815185 -0.1404874806480646 7.9780173075469891 0.13819497328301925 0.94102895147148968 -0.30881493139382749 -0.038608875469695401 0.19051727687966935 0.28072506350693038 0.940689431177679 -6.71972599607553
0.97421930752661456 -0.19446732216941889 -0.11436433644549823 8.2427383761772539 0.15461329812237742 0.94467913155105221 -0.28926815665688238 -0.018642535777963602 0.16429080584769351 0.26412837602235251 0.95039188343215042 -6.8792119633024393
0.97705667879882174 -0.19388961573560207 -0.088130944193947472 8.5582759407710522 0.16345735271930503 0.94793465681345945 -0.27331589828245567 0.017463552522358074 0.13653549083155198 0.25263947300817724 0.95787857081236427 -7.0066282980924877
0.9773712463200559 -0.2005674182923845 -0.067217241733860622 8.9518769616354543 0.17488393762737819 0.94492654742341997 -0.27663952778733308 0.28028531474000506 0.11900023204483208 0.25862430414402859 0.95862005720686505 -7.0343328158752021
0.97787670424670825 -0.20517813391183182 -0.040731862909204969 9.2437350300751753 0.18706254647389287 0.94488223291045548 -0.26871019637679255 0.38108474565943112 0.093620270231924305 0.2551460352320023 0.96235946803005545 -7.1114717764020288
